0       0.00750 0.01500 0.01682
0.01500 0.02250 0.03000 0.05055
0.03000 0.03750 0.04500 0.08193
0.04500 0.05250 0.06000 0.11106
0.06000 0.06750 0.07500 0.13804
0.07500 0.08250 0.09000 0.16296
0.09000 0.09750 0.10500 0.18592
0.10500 0.11250 0.12000 0.20702
0.12000 0.12750 0.13500 0.22635
0.13500 0.14250 0.15000 0.24402
0.15000 0.15750 0.16500 0.26021
0.16500 0.17250 0.18000 0.27509
0.18000 0.18750 0.19500 0.28884
0.19500 0.20250 0.21000 0.30163
0.21000 0.21750 0.22500 0.31363
0.22500 0.23250 0.24000 0.32502
0.24000 0.24750 0.25500 0.33598
0.25500 0.26250 0.27000 0.34668
0.27000 0.27750 0.28500 0.35729
0.28500 0.29250 0.30000 0.36800
0.30000 0.30750 0.31500 0.37896
0.31500 0.32250 0.33000 0.39037
0.33000 0.33750 0.34500 0.40239
0.34500 0.35250 0.36000 0.41520
0.36000 0.36750 0.37500 0.42897
0.37500 0.38250 0.39000 0.44386
0.39000 0.39750 0.40500 0.45979
0.40500 0.41250 0.42000 0.47658
0.42000 0.42750 0.43500 0.49402
0.43500 0.44250 0.45000 0.51192
0.45000 0.45750 0.46500 0.53008
0.46500 0.47250 0.48000 0.54832
0.48000 0.48750 0.49500 0.56644
0.49500 0.50250 0.51000 0.58424
0.51000 0.51750 0.52500 0.60152
0.52500 0.53250 0.54000 0.61810
0.54000 0.54750 0.55500 0.63377
0.55500 0.56250 0.57000 0.64834
0.57000 0.57750 0.58500 0.66162
0.58500 0.59250 0.60000 0.67341
0.60000 0.60750 0.61500 0.68352
0.61500 0.62250 0.63000 0.69175
0.63000 0.63750 0.64500 0.69801
0.64500 0.65250 0.66000 0.70241
0.66000 0.66750 0.67500 0.70505
0.67500 0.68250 0.69000 0.70608
0.69000 0.69750 0.70500 0.70561
0.70500 0.71250 0.72000 0.70377
0.72000 0.72750 0.73500 0.70068
0.73500 0.74250 0.75000 0.69647
0.75000 0.75750 0.76500 0.69127
0.76500 0.77250 0.78000 0.68518
0.78000 0.78750 0.79500 0.67836
0.79500 0.80250 0.81000 0.67090
0.81000 0.81750 0.82500 0.66295
0.82500 0.83250 0.84000 0.65462
0.84000 0.84750 0.85500 0.64604
0.85500 0.86250 0.87000 0.63733
0.87000 0.87750 0.88500 0.62861
0.88500 0.89250 0.90000 0.61992
0.90000 0.90750 0.91500 0.61126
0.91500 0.92250 0.93000 0.60262
0.93000 0.93750 0.94500 0.59400
0.94500 0.95250 0.96000 0.58541
0.96000 0.96750 0.97500 0.57685
0.97500 0.98250 0.99000 0.56832
0.99000 0.99750 1.00500 0.55981
1.00500 1.01250 1.02000 0.55132
1.02000 1.02750 1.03500 0.54287
1.03500 1.04250 1.05000 0.53444
1.05000 1.05750 1.06500 0.52603
1.06500 1.07250 1.08000 0.51765
1.08000 1.08750 1.09500 0.50930
1.09500 1.10250 1.11000 0.50097
1.11000 1.11750 1.12500 0.49267
1.12500 1.13250 1.14000 0.48442
1.14000 1.14750 1.15500 0.47625
1.15500 1.16250 1.17000 0.46821
1.17000 1.17750 1.18500 0.46036
1.18500 1.19250 1.20000 0.45275
1.20000 1.20750 1.21500 0.44541
1.21500 1.22250 1.23000 0.43840
1.23000 1.23750 1.24500 0.43176
1.24500 1.25250 1.26000 0.42554
1.26000 1.26750 1.27500 0.41980
1.27500 1.28250 1.29000 0.41457
1.29000 1.29750 1.30500 0.40991
1.30500 1.31250 1.32000 0.40586
1.32000 1.32750 1.33500 0.40247
1.33500 1.34250 1.35000 0.39979
1.35000 1.35750 1.36500 0.39787
1.36500 1.37250 1.38000 0.39673
1.38000 1.38750 1.39500 0.39630
1.39500 1.40250 1.41000 0.39646
1.41000 1.41750 1.42500 0.39708
1.42500 1.43250 1.44000 0.39802
1.44000 1.44750 1.45500 0.39918
1.45500 1.46250 1.47000 0.40043
1.47000 1.47750 1.48500 0.40163
1.48500 1.49250 1.50000 0.40267
1.50000 1.50750 1.51500 0.40341
1.51500 1.52250 1.53000 0.40375
1.53000 1.53750 1.54500 0.40354
1.54500 1.55250 1.56000 0.40267
1.56000 1.56750 1.57500 0.40101
1.57500 1.58250 1.59000 0.39843
1.59000 1.59750 1.60500 0.39482
1.60500 1.61250 1.62000 0.39004
1.62000 1.62750 1.63500 0.38408
1.63500 1.64250 1.65000 0.37705
1.65000 1.65750 1.66500 0.36908
1.66500 1.67250 1.68000 0.36032
1.68000 1.68750 1.69500 0.35088
1.69500 1.70250 1.71000 0.34090
1.71000 1.71750 1.72500 0.33051
1.72500 1.73250 1.74000 0.31984
1.74000 1.74750 1.75500 0.30903
1.75500 1.76250 1.77000 0.29821
1.77000 1.77750 1.78500 0.28750
1.78500 1.79250 1.80000 0.27704
1.80000 1.80750 1.81500 0.26696
1.81500 1.82250 1.83000 0.25740
1.83000 1.83750 1.84500 0.24848
1.84500 1.85250 1.86000 0.24033
1.86000 1.86750 1.87500 0.23307
1.87500 1.88250 1.89000 0.22668
1.89000 1.89750 1.90500 0.22108
1.90500 1.91250 1.92000 0.21622
1.92000 1.92750 1.93500 0.21202
1.93500 1.94250 1.95000 0.20843
1.95000 1.95750 1.96500 0.20537
1.96500 1.97250 1.98000 0.20278
1.98000 1.98750 1.99500 0.20059
1.99500 2.00250 2.01000 0.19874
2.01000 2.01750 2.02500 0.19716
2.02500 2.03250 2.04000 0.19579
2.04000 2.04750 2.05500 0.19455
2.05500 2.06250 2.07000 0.19339
2.07000 2.07750 2.08500 0.19224
2.08500 2.09250 2.10000 0.19103
2.10000 2.10750 2.11500 0.18969
2.11500 2.12250 2.13000 0.18820
2.13000 2.13750 2.14500 0.18656
2.14500 2.15250 2.16000 0.18478
2.16000 2.16750 2.17500 0.18286
2.17500 2.18250 2.19000 0.18083
2.19000 2.19750 2.20500 0.17869
2.20500 2.21250 2.22000 0.17645
2.22000 2.22750 2.23500 0.17412
2.23500 2.24250 2.25000 0.17170
2.25000 2.25750 2.26500 0.16922
2.26500 2.27250 2.28000 0.16668
2.28000 2.28750 2.29500 0.16408
2.29500 2.30250 2.31000 0.16145
2.31000 2.31750 2.32500 0.15879
2.32500 2.33250 2.34000 0.15610
2.34000 2.34750 2.35500 0.15341
2.35500 2.36250 2.37000 0.15071
2.37000 2.37750 2.38500 0.14801
2.38500 2.39250 2.40000 0.14531
2.40000 2.40750 2.41500 0.14261
2.41500 2.42250 2.43000 0.13991
2.43000 2.43750 2.44500 0.13721
2.44500 2.45250 2.46000 0.13450
2.46000 2.46750 2.47500 0.13179
2.47500 2.48250 2.49000 0.12907
2.49000 2.49750 2.50500 0.12635
2.50500 2.51250 2.52000 0.12362
2.52000 2.52750 2.53500 0.12089
2.53500 2.54250 2.55000 0.11816
2.55000 2.55750 2.56500 0.11541
2.56500 2.57250 2.58000 0.11266
2.58000 2.58750 2.59500 0.10990
2.59500 2.60250 2.61000 0.10714
2.61000 2.61750 2.62500 0.10436
2.62500 2.63250 2.64000 0.10159
2.64000 2.64750 2.65500 0.09881
2.65500 2.66250 2.67000 0.09603
2.67000 2.67750 2.68500 0.09325
2.68500 2.69250 2.70000 0.09049
2.70000 2.70750 2.71500 0.08773
2.71500 2.72250 2.73000 0.08499
2.73000 2.73750 2.74500 0.08227
2.74500 2.75250 2.76000 0.07956
2.76000 2.76750 2.77500 0.07687
2.77500 2.78250 2.79000 0.07421
2.79000 2.79750 2.80500 0.07158
2.80500 2.81250 2.82000 0.06898
2.82000 2.82750 2.83500 0.06641
2.83500 2.84250 2.85000 0.06388
2.85000 2.85750 2.86500 0.06139
2.86500 2.87250 2.88000 0.05894
2.88000 2.88750 2.89500 0.05654
2.89500 2.90250 2.91000 0.05418
2.91000 2.91750 2.92500 0.05188
2.92500 2.93250 2.94000 0.04962
2.94000 2.94750 2.95500 0.04743
2.95500 2.96250 2.97000 0.04529
2.97000 2.97750 2.98500 0.04321
2.98500 2.99250 3.00000 0.04120
3.00000 3.00750 3.01500 0.03925
3.01500 3.02250 3.03000 0.03737
3.03000 3.03750 3.04500 0.03557
3.04500 3.05250 3.06000 0.03384
3.06000 3.06750 3.07500 0.03219
3.07500 3.08250 3.09000 0.03062
3.09000 3.09750 3.10500 0.02913
3.10500 3.11250 3.12000 0.02772
3.12000 3.12750 3.13500 0.02639
3.13500 3.14250 3.15000 0.02514
3.15000 3.15750 3.16500 0.02395
3.16500 3.17250 3.18000 0.02282
3.18000 3.18750 3.19500 0.02175
3.19500 3.20250 3.21000 0.02073
3.21000 3.21750 3.22500 0.01976
3.22500 3.23250 3.24000 0.01883
3.24000 3.24750 3.25500 0.01794
3.25500 3.26250 3.27000 0.01709
3.27000 3.27750 3.28500 0.01626
3.28500 3.29250 3.30000 0.01545
3.30000 3.30750 3.31500 0.01466
3.31500 3.32250 3.33000 0.01389
3.33000 3.33750 3.34500 0.01312
3.34500 3.35250 3.36000 0.01236
3.36000 3.36750 3.37500 0.01161
3.37500 3.38250 3.39000 0.01086
3.39000 3.39750 3.40500 0.01013
3.40500 3.41250 3.42000 0.00941
3.42000 3.42750 3.43500 0.00871
3.43500 3.44250 3.45000 0.00802
3.45000 3.45750 3.46500 0.00736
3.46500 3.47250 3.48000 0.00673
3.48000 3.48750 3.49500 0.00612
3.49500 3.50250 3.51000 0.00555
3.51000 3.51750 3.52500 0.00500
3.52500 3.53250 3.54000 0.00450
3.54000 3.54750 3.55500 0.00403
3.55500 3.56250 3.57000 0.00360
3.57000 3.57750 3.58500 0.00322
3.58500 3.59250 3.60000 0.00288
3.60000 3.60750 3.61500 0.00259
3.61500 3.62250 3.63000 0.00234
3.63000 3.63750 3.64500 0.00213
3.64500 3.65250 3.66000 0.00196
3.66000 3.66750 3.67500 0.00182
3.67500 3.68250 3.69000 0.00171
3.69000 3.69750 3.70500 0.00163
3.70500 3.71250 3.72000 0.00157
3.72000 3.72750 3.73500 0.00153
3.73500 3.74250 3.75000 0.00151
3.75000 3.75750 3.76500 0.00150
3.76500 3.77250 3.78000 0.00150
3.78000 3.78750 3.79500 0.00150
3.79500 3.80250 3.81000 0.00151
3.81000 3.81750 3.82500 0.00153
3.82500 3.83250 3.84000 0.00153
3.84000 3.84750 3.85500 0.00153
3.85500 3.86250 3.87000 0.00153
3.87000 3.87750 3.88500 0.00152
3.88500 3.89250 3.90000 0.00151
3.90000 3.90750 3.91500 0.00149
3.91500 3.92250 3.93000 0.00147
3.93000 3.93750 3.94500 0.00145
3.94500 3.95250 3.96000 0.00142
3.96000 3.96750 3.97500 0.00139
3.97500 3.98250 3.99000 0.00136
3.99000 3.99750 4.00500 0.00133
4.00500 4.01250 4.02000 0.00129
4.02000 4.02750 4.03500 0.00126
4.03500 4.04250 4.05000 0.00123
4.05000 4.05750 4.06500 0.00119
4.06500 4.07250 4.08000 0.00116
4.08000 4.08750 4.09500 0.00113
4.09500 4.10250 4.11000 0.00110
4.11000 4.11750 4.12500 0.00107
4.12500 4.13250 4.14000 0.00105
4.14000 4.14750 4.15500 0.00102
4.15500 4.16250 4.17000 0.00100
4.17000 4.17750 4.18500 0.00098
4.18500 4.19250 4.20000 0.00095
4.20000 4.20750 4.21500 0.00093
4.21500 4.22250 4.23000 0.00091
4.23000 4.23750 4.24500 0.00089
4.24500 4.25250 4.26000 0.00087
4.26000 4.26750 4.27500 0.00085
4.27500 4.28250 4.29000 0.00083
4.29000 4.29750 4.30500 0.00081
4.30500 4.31250 4.32000 0.00079
4.32000 4.32750 4.33500 0.00076
4.33500 4.34250 4.35000 0.00074
4.35000 4.35750 4.36500 0.00072
4.36500 4.37250 4.38000 0.00069
4.38000 4.38750 4.39500 0.00067
4.39500 4.40250 4.41000 0.00064
4.41000 4.41750 4.42500 0.00062
4.42500 4.43250 4.44000 0.00059
4.44000 4.44750 4.45500 0.00057
4.45500 4.46250 4.47000 0.00055
4.47000 4.47750 4.48500 0.00052
4.48500 4.49250 4.50000 0.00050
