0       0.00750 0.01500 0.01876
0.01500 0.02250 0.03000 0.05651
0.03000 0.03750 0.04500 0.09190
0.04500 0.05250 0.06000 0.12504
0.06000 0.06750 0.07500 0.15602
0.07500 0.08250 0.09000 0.18493
0.09000 0.09750 0.10500 0.21185
0.10500 0.11250 0.12000 0.23688
0.12000 0.12750 0.13500 0.26012
0.13500 0.14250 0.15000 0.28167
0.15000 0.15750 0.16500 0.30171
0.16500 0.17250 0.18000 0.32041
0.18000 0.18750 0.19500 0.33794
0.19500 0.20250 0.21000 0.35447
0.21000 0.21750 0.22500 0.37018
0.22500 0.23250 0.24000 0.38523
0.24000 0.24750 0.25500 0.39981
0.25500 0.26250 0.27000 0.41409
0.27000 0.27750 0.28500 0.42823
0.28500 0.29250 0.30000 0.44242
0.30000 0.30750 0.31500 0.45682
0.31500 0.32250 0.33000 0.47161
0.33000 0.33750 0.34500 0.48696
0.34500 0.35250 0.36000 0.50304
0.36000 0.36750 0.37500 0.52003
0.37500 0.38250 0.39000 0.53806
0.39000 0.39750 0.40500 0.55704
0.40500 0.41250 0.42000 0.57675
0.42000 0.42750 0.43500 0.59699
0.43500 0.44250 0.45000 0.61754
0.45000 0.45750 0.46500 0.63822
0.46500 0.47250 0.48000 0.65879
0.48000 0.48750 0.49500 0.67907
0.49500 0.50250 0.51000 0.69883
0.51000 0.51750 0.52500 0.71788
0.52500 0.53250 0.54000 0.73601
0.54000 0.54750 0.55500 0.75300
0.55500 0.56250 0.57000 0.76865
0.57000 0.57750 0.58500 0.78275
0.58500 0.59250 0.60000 0.79510
0.60000 0.60750 0.61500 0.80549
0.61500 0.62250 0.63000 0.81371
0.63000 0.63750 0.64500 0.81970
0.64500 0.65250 0.66000 0.82358
0.66000 0.66750 0.67500 0.82549
0.67500 0.68250 0.69000 0.82555
0.69000 0.69750 0.70500 0.82389
0.70500 0.71250 0.72000 0.82066
0.72000 0.72750 0.73500 0.81597
0.73500 0.74250 0.75000 0.80997
0.75000 0.75750 0.76500 0.80279
0.76500 0.77250 0.78000 0.79455
0.78000 0.78750 0.79500 0.78539
0.79500 0.80250 0.81000 0.77544
0.81000 0.81750 0.82500 0.76483
0.82500 0.83250 0.84000 0.75370
0.84000 0.84750 0.85500 0.74218
0.85500 0.86250 0.87000 0.73039
0.87000 0.87750 0.88500 0.71846
0.88500 0.89250 0.90000 0.70640
0.90000 0.90750 0.91500 0.69424
0.91500 0.92250 0.93000 0.68197
0.93000 0.93750 0.94500 0.66961
0.94500 0.95250 0.96000 0.65716
0.96000 0.96750 0.97500 0.64462
0.97500 0.98250 0.99000 0.63202
0.99000 0.99750 1.00500 0.61934
1.00500 1.01250 1.02000 0.60661
1.02000 1.02750 1.03500 0.59384
1.03500 1.04250 1.05000 0.58101
1.05000 1.05750 1.06500 0.56816
1.06500 1.07250 1.08000 0.55528
1.08000 1.08750 1.09500 0.54238
1.09500 1.10250 1.11000 0.52946
1.11000 1.11750 1.12500 0.51655
1.12500 1.13250 1.14000 0.50367
1.14000 1.14750 1.15500 0.49089
1.15500 1.16250 1.17000 0.47825
1.17000 1.17750 1.18500 0.46583
1.18500 1.19250 1.20000 0.45369
1.20000 1.20750 1.21500 0.44187
1.21500 1.22250 1.23000 0.43044
1.23000 1.23750 1.24500 0.41947
1.24500 1.25250 1.26000 0.40901
1.26000 1.26750 1.27500 0.39911
1.27500 1.28250 1.29000 0.38985
1.29000 1.29750 1.30500 0.38127
1.30500 1.31250 1.32000 0.37345
1.32000 1.32750 1.33500 0.36643
1.33500 1.34250 1.35000 0.36027
1.35000 1.35750 1.36500 0.35505
1.36500 1.37250 1.38000 0.35076
1.38000 1.38750 1.39500 0.34730
1.39500 1.40250 1.41000 0.34455
1.41000 1.41750 1.42500 0.34236
1.42500 1.43250 1.44000 0.34062
1.44000 1.44750 1.45500 0.33920
1.45500 1.46250 1.47000 0.33797
1.47000 1.47750 1.48500 0.33681
1.48500 1.49250 1.50000 0.33557
1.50000 1.50750 1.51500 0.33414
1.51500 1.52250 1.53000 0.33240
1.53000 1.53750 1.54500 0.33020
1.54500 1.55250 1.56000 0.32743
1.56000 1.56750 1.57500 0.32395
1.57500 1.58250 1.59000 0.31964
1.59000 1.59750 1.60500 0.31437
1.60500 1.61250 1.62000 0.30803
1.62000 1.62750 1.63500 0.30067
1.63500 1.64250 1.65000 0.29241
1.65000 1.65750 1.66500 0.28340
1.66500 1.67250 1.68000 0.27376
1.68000 1.68750 1.69500 0.26361
1.69500 1.70250 1.71000 0.25310
1.71000 1.71750 1.72500 0.24235
1.72500 1.73250 1.74000 0.23149
1.74000 1.74750 1.75500 0.22066
1.75500 1.76250 1.77000 0.20998
1.77000 1.77750 1.78500 0.19958
1.78500 1.79250 1.80000 0.18960
1.80000 1.80750 1.81500 0.18017
1.81500 1.82250 1.83000 0.17141
1.83000 1.83750 1.84500 0.16346
1.84500 1.85250 1.86000 0.15645
1.86000 1.86750 1.87500 0.15043
1.87500 1.88250 1.89000 0.14533
1.89000 1.89750 1.90500 0.14108
1.90500 1.91250 1.92000 0.13760
1.92000 1.92750 1.93500 0.13482
1.93500 1.94250 1.95000 0.13265
1.95000 1.95750 1.96500 0.13103
1.96500 1.97250 1.98000 0.12987
1.98000 1.98750 1.99500 0.12911
1.99500 2.00250 2.01000 0.12865
2.01000 2.01750 2.02500 0.12844
2.02500 2.03250 2.04000 0.12838
2.04000 2.04750 2.05500 0.12841
2.05500 2.06250 2.07000 0.12845
2.07000 2.07750 2.08500 0.12842
2.08500 2.09250 2.10000 0.12825
2.10000 2.10750 2.11500 0.12786
2.11500 2.12250 2.13000 0.12727
2.13000 2.13750 2.14500 0.12649
2.14500 2.15250 2.16000 0.12553
2.16000 2.16750 2.17500 0.12441
2.17500 2.18250 2.19000 0.12315
2.19000 2.19750 2.20500 0.12178
2.20500 2.21250 2.22000 0.12030
2.22000 2.22750 2.23500 0.11874
2.23500 2.24250 2.25000 0.11710
2.25000 2.25750 2.26500 0.11542
2.26500 2.27250 2.28000 0.11371
2.28000 2.28750 2.29500 0.11199
2.29500 2.30250 2.31000 0.11026
2.31000 2.31750 2.32500 0.10856
2.32500 2.33250 2.34000 0.10690
2.34000 2.34750 2.35500 0.10530
2.35500 2.36250 2.37000 0.10376
2.37000 2.37750 2.38500 0.10227
2.38500 2.39250 2.40000 0.10084
2.40000 2.40750 2.41500 0.09944
2.41500 2.42250 2.43000 0.09807
2.43000 2.43750 2.44500 0.09673
2.44500 2.45250 2.46000 0.09540
2.46000 2.46750 2.47500 0.09408
2.47500 2.48250 2.49000 0.09276
2.49000 2.49750 2.50500 0.09143
2.50500 2.51250 2.52000 0.09009
2.52000 2.52750 2.53500 0.08872
2.53500 2.54250 2.55000 0.08733
2.55000 2.55750 2.56500 0.08589
2.56500 2.57250 2.58000 0.08441
2.58000 2.58750 2.59500 0.08288
2.59500 2.60250 2.61000 0.08129
2.61000 2.61750 2.62500 0.07964
2.62500 2.63250 2.64000 0.07794
2.64000 2.64750 2.65500 0.07619
2.65500 2.66250 2.67000 0.07441
2.67000 2.67750 2.68500 0.07259
2.68500 2.69250 2.70000 0.07074
2.70000 2.70750 2.71500 0.06887
2.71500 2.72250 2.73000 0.06698
2.73000 2.73750 2.74500 0.06507
2.74500 2.75250 2.76000 0.06316
2.76000 2.76750 2.77500 0.06124
2.77500 2.78250 2.79000 0.05933
2.79000 2.79750 2.80500 0.05742
2.80500 2.81250 2.82000 0.05553
2.82000 2.82750 2.83500 0.05365
2.83500 2.84250 2.85000 0.05179
2.85000 2.85750 2.86500 0.04996
2.86500 2.87250 2.88000 0.04816
2.88000 2.88750 2.89500 0.04639
2.89500 2.90250 2.91000 0.04465
2.91000 2.91750 2.92500 0.04295
2.92500 2.93250 2.94000 0.04128
2.94000 2.94750 2.95500 0.03965
2.95500 2.96250 2.97000 0.03806
2.97000 2.97750 2.98500 0.03652
2.98500 2.99250 3.00000 0.03502
3.00000 3.00750 3.01500 0.03357
3.01500 3.02250 3.03000 0.03217
3.03000 3.03750 3.04500 0.03082
3.04500 3.05250 3.06000 0.02952
3.06000 3.06750 3.07500 0.02828
3.07500 3.08250 3.09000 0.02710
3.09000 3.09750 3.10500 0.02598
3.10500 3.11250 3.12000 0.02491
3.12000 3.12750 3.13500 0.02389
3.13500 3.14250 3.15000 0.02292
3.15000 3.15750 3.16500 0.02199
3.16500 3.17250 3.18000 0.02111
3.18000 3.18750 3.19500 0.02026
3.19500 3.20250 3.21000 0.01944
3.21000 3.21750 3.22500 0.01865
3.22500 3.23250 3.24000 0.01788
3.24000 3.24750 3.25500 0.01713
3.25500 3.26250 3.27000 0.01640
3.27000 3.27750 3.28500 0.01568
3.28500 3.29250 3.30000 0.01497
3.30000 3.30750 3.31500 0.01427
3.31500 3.32250 3.33000 0.01357
3.33000 3.33750 3.34500 0.01286
3.34500 3.35250 3.36000 0.01215
3.36000 3.36750 3.37500 0.01145
3.37500 3.38250 3.39000 0.01075
3.39000 3.39750 3.40500 0.01006
3.40500 3.41250 3.42000 0.00938
3.42000 3.42750 3.43500 0.00871
3.43500 3.44250 3.45000 0.00805
3.45000 3.45750 3.46500 0.00742
3.46500 3.47250 3.48000 0.00681
3.48000 3.48750 3.49500 0.00622
3.49500 3.50250 3.51000 0.00566
3.51000 3.51750 3.52500 0.00513
3.52500 3.53250 3.54000 0.00463
3.54000 3.54750 3.55500 0.00417
3.55500 3.56250 3.57000 0.00375
3.57000 3.57750 3.58500 0.00336
3.58500 3.59250 3.60000 0.00302
3.60000 3.60750 3.61500 0.00272
3.61500 3.62250 3.63000 0.00246
3.63000 3.63750 3.64500 0.00223
3.64500 3.65250 3.66000 0.00203
3.66000 3.66750 3.67500 0.00187
3.67500 3.68250 3.69000 0.00173
3.69000 3.69750 3.70500 0.00161
3.70500 3.71250 3.72000 0.00152
3.72000 3.72750 3.73500 0.00145
3.73500 3.74250 3.75000 0.00139
3.75000 3.75750 3.76500 0.00135
3.76500 3.77250 3.78000 0.00132
3.78000 3.78750 3.79500 0.00130
3.79500 3.80250 3.81000 0.00129
3.81000 3.81750 3.82500 0.00128
3.82500 3.83250 3.84000 0.00128
3.84000 3.84750 3.85500 0.00128
3.85500 3.86250 3.87000 0.00128
3.87000 3.87750 3.88500 0.00128
3.88500 3.89250 3.90000 0.00128
3.90000 3.90750 3.91500 0.00128
3.91500 3.92250 3.93000 0.00128
3.93000 3.93750 3.94500 0.00128
3.94500 3.95250 3.96000 0.00127
3.96000 3.96750 3.97500 0.00126
3.97500 3.98250 3.99000 0.00125
3.99000 3.99750 4.00500 0.00124
4.00500 4.01250 4.02000 0.00122
4.02000 4.02750 4.03500 0.00120
4.03500 4.04250 4.05000 0.00117
4.05000 4.05750 4.06500 0.00114
4.06500 4.07250 4.08000 0.00110
4.08000 4.08750 4.09500 0.00105
4.09500 4.10250 4.11000 0.00100
4.11000 4.11750 4.12500 0.00094
4.12500 4.13250 4.14000 0.00088
4.14000 4.14750 4.15500 0.00081
4.15500 4.16250 4.17000 0.00075
4.17000 4.17750 4.18500 0.00068
4.18500 4.19250 4.20000 0.00061
4.20000 4.20750 4.21500 0.00054
4.21500 4.22250 4.23000 0.00048
4.23000 4.23750 4.24500 0.00041
4.24500 4.25250 4.26000 0.00035
4.26000 4.26750 4.27500 0.00029
4.27500 4.28250 4.29000 0.00024
4.29000 4.29750 4.30500 0.00019
4.30500 4.31250 4.32000 0.00015
4.32000 4.32750 4.33500 0.00012
4.33500 4.34250 4.35000 0.00009
4.35000 4.35750 4.36500 0.00007
4.36500 4.37250 4.38000 0.00006
4.38000 4.38750 4.39500 0.00005
4.39500 4.40250 4.41000 0.00004
4.41000 4.41750 4.42500 0.00004
4.42500 4.43250 4.44000 0.00004
4.44000 4.44750 4.45500 0.00005
4.45500 4.46250 4.47000 0.00006
4.47000 4.47750 4.48500 0.00007
4.48500 4.49250 4.50000 0.00009
