0 7.761243e+03
1 4.122791e+03
2 2.183874e+03
3 1.065990e+03
4 3.590668e+02
5 1.195346e+04
6 5.951886e+03
7 2.929347e+03
8 1.305702e+03
9 3.916755e+02
10 1.205392e+04
11 5.584869e+03
12 2.534958e+03
13 1.023462e+03
14 2.708532e+02
15 9.556221e+03
16 4.099303e+03
17 1.707752e+03
18 6.215575e+02
19 1.443729e+02
20 2.264370e-08
21 1.550553e-08
22 1.028778e-08
23 6.518124e-09
24 4.029138e-09
25 2.657123e-08
26 1.808428e-08
27 1.176320e-08
28 7.374709e-09
29 4.505522e-09
30 3.106609e-08
31 2.088878e-08
32 1.334894e-08
33 8.295707e-09
34 5.002631e-09
35 3.658235e-08
36 2.415519e-08
37 1.521502e-08
38 9.352268e-09
39 5.568401e-09
40 4.341706e-08
41 2.804516e-08
42 1.746831e-08
43 1.057732e-08
44 6.230159e-09
45 3.197667e-08
46 2.190685e-08
47 1.458399e-08
48 9.248795e-09
49 5.729027e-09
50 3.750161e-08
51 2.557871e-08
52 1.668249e-08
53 1.047262e-08
54 6.409522e-09
55 4.384342e-08
56 2.957845e-08
57 1.893501e-08
58 1.178951e-08
59 7.119133e-09
60 5.166057e-08
61 3.423359e-08
62 2.158953e-08
63 1.329939e-08
64 7.927604e-09
65 6.138915e-08
66 3.976713e-08
67 2.480422e-08
68 1.504745e-08
69 8.873999e-09
70 3.765304e-08
71 2.579993e-08
72 1.719691e-08
73 1.090956e-08
74 6.762290e-09
75 4.414934e-08
76 3.013659e-08
77 1.967438e-08
78 1.235560e-08
79 7.566863e-09
80 5.161423e-08
81 3.486331e-08
82 2.233243e-08
83 1.391316e-08
84 8.405650e-09
85 6.083056e-08
86 4.036314e-08
87 2.546645e-08
88 1.569862e-08
89 9.361659e-09
90 7.231911e-08
91 4.689635e-08
92 2.926586e-08
93 1.776461e-08
94 1.048109e-08
95 4.249306e-08
96 2.911940e-08
97 1.942484e-08
98 1.232564e-08
99 7.643317e-09
100 4.981760e-08
101 3.402292e-08
102 2.222545e-08
103 1.396115e-08
104 8.553686e-09
105 5.824009e-08
106 3.936951e-08
107 2.522928e-08
108 1.572392e-08
109 9.502617e-09
110 6.864944e-08
111 4.558958e-08
112 2.877216e-08
113 1.774435e-08
114 1.058443e-08
115 8.163867e-08
116 5.297517e-08
117 3.307014e-08
118 2.008143e-08
119 1.185140e-08
120 2.295609e-08
121 1.536651e-08
122 1.040126e-08
123 7.030081e-09
124 4.446302e-09
125 2.672218e-08
126 1.778451e-08
127 1.214816e-08
128 8.023743e-09
129 5.015404e-09
130 3.082526e-08
131 2.058784e-08
132 1.407136e-08
133 9.064198e-09
134 5.634244e-09
135 3.575882e-08
136 2.412695e-08
137 1.629384e-08
138 1.027714e-08
139 6.344625e-09
140 4.203175e-08
141 2.866564e-08
142 1.888347e-08
143 1.176275e-08
144 7.159253e-09
145 3.317498e-08
146 2.222395e-08
147 1.501854e-08
148 1.016646e-08
149 6.434638e-09
150 3.863530e-08
151 2.570316e-08
152 1.753890e-08
153 1.160905e-08
154 7.258606e-09
155 4.457337e-08
156 2.972932e-08
157 2.032301e-08
158 1.311732e-08
159 8.156279e-09
160 5.169173e-08
161 3.481418e-08
162 2.355060e-08
163 1.487323e-08
164 9.186566e-09
165 6.071208e-08
166 4.135620e-08
167 2.731675e-08
168 1.702284e-08
169 1.036726e-08
170 4.189165e-08
171 2.807347e-08
172 1.895696e-08
173 1.284186e-08
174 8.130787e-09
175 4.879730e-08
176 3.245774e-08
177 2.213706e-08
178 1.466746e-08
179 9.172173e-09
180 5.630070e-08
181 3.752678e-08
182 2.565558e-08
183 1.657481e-08
184 1.030772e-08
185 6.528259e-08
186 4.392994e-08
187 2.974068e-08
188 1.879391e-08
189 1.161092e-08
190 7.664610e-08
191 5.218067e-08
192 3.451062e-08
193 2.150994e-08
194 1.310388e-08
195 2.423070e-08
196 1.731720e-08
197 1.134403e-08
198 7.578578e-09
199 5.102653e-09
200 2.880731e-08
201 1.994705e-08
202 1.297946e-08
203 8.805066e-09
204 5.765302e-09
205 3.377438e-08
206 2.274135e-08
207 1.487309e-08
208 1.014253e-08
209 6.435003e-09
210 3.952630e-08
211 2.601544e-08
212 1.726812e-08
213 1.164785e-08
214 7.204186e-09
215 4.632783e-08
216 3.010433e-08
217 2.035440e-08
218 1.333659e-08
219 8.166714e-09
220 3.645012e-08
221 2.609478e-08
222 1.709977e-08
223 1.141040e-08
224 7.690045e-09
225 4.335168e-08
226 3.006479e-08
227 1.955657e-08
228 1.325451e-08
229 8.690558e-09
230 5.084636e-08
231 3.427792e-08
232 2.239639e-08
233 1.526940e-08
234 9.699997e-09
235 5.952820e-08
236 3.920391e-08
237 2.598652e-08
238 1.754206e-08
239 1.085814e-08
240 6.979327e-08
241 4.533989e-08
242 3.061950e-08
243 2.009532e-08
244 1.230810e-08
245 1.399966e-08
246 1.073447e-08
247 7.354178e-09
248 4.685890e-09
249 3.141745e-09
250 1.687063e-08
251 1.253989e-08
252 8.320924e-09
253 5.327451e-09
254 3.615061e-09
255 2.007794e-08
256 1.443797e-08
257 9.342804e-09
258 6.082131e-09
259 4.111350e-09
260 2.389638e-08
261 1.657117e-08
262 1.055714e-08
263 7.038915e-09
264 4.651468e-09
265 2.852802e-08
266 1.904603e-08
267 1.212824e-08
268 8.255469e-09
269 5.246809e-09
270 2.865939e-08
271 2.201860e-08
272 1.511504e-08
273 9.627004e-09
274 6.444528e-09
275 3.455150e-08
276 2.573694e-08
277 1.710630e-08
278 1.093618e-08
279 7.420087e-09
280 4.114005e-08
281 2.964931e-08
282 1.920649e-08
283 1.247644e-08
284 8.446594e-09
285 4.899238e-08
286 3.404766e-08
287 2.169379e-08
288 1.443292e-08
289 9.563569e-09
290 5.852942e-08
291 3.914717e-08
292 2.489996e-08
293 1.692921e-08
294 1.078804e-08
