0 3.373596e-09
1 2.342306e-09
2 1.571637e-09
3 1.033307e-09
4 6.815499e-10
5 4.568530e-10
6 3.119596e-10
7 2.153508e-10
8 1.479867e-10
9 9.951160e-11
10 6.451753e-11
11 3.993417e-11
12 2.348605e-11
13 1.313227e-11
14 7.015317e-12
15 0.000000e+00
16 0.000000e+00
17 0.000000e+00
18 0.000000e+00
19 0.000000e+00
20 5.265968e-09
21 3.727793e-09
22 2.542952e-09
23 1.679934e-09
24 1.098591e-09
25 7.265681e-10
26 4.896208e-10
27 3.357158e-10
28 2.314865e-10
29 1.577580e-10
30 1.045374e-10
31 6.644374e-11
32 4.020353e-11
33 2.309917e-11
34 1.263500e-11
35 0.000000e+00
36 0.000000e+00
37 0.000000e+00
38 0.000000e+00
39 0.000000e+00
40 6.316219e-09
41 4.513702e-09
42 3.107963e-09
43 2.065942e-09
44 1.349731e-09
45 8.877374e-10
46 5.939531e-10
47 4.050467e-10
48 2.788392e-10
49 1.907218e-10
50 1.273516e-10
51 8.190731e-11
52 5.022398e-11
53 2.926552e-11
54 1.622075e-11
55 0.000000e+00
56 0.000000e+00
57 0.000000e+00
58 0.000000e+00
59 0.000000e+00
60 7.050550e-09
61 5.067321e-09
62 3.507750e-09
63 2.343107e-09
64 1.531221e-09
65 1.004112e-09
66 6.691994e-10
67 4.546434e-10
68 3.125045e-10
69 2.139660e-10
70 1.434891e-10
71 9.286383e-11
72 5.737806e-11
73 3.371154e-11
74 1.883537e-11
75 0.000000e+00
76 0.000000e+00
77 0.000000e+00
78 0.000000e+00
79 0.000000e+00
80 7.738934e-09
81 5.587438e-09
82 3.884696e-09
83 2.602666e-09
84 1.702044e-09
85 1.113675e-09
86 7.398941e-10
87 5.012994e-10
88 3.441229e-10
89 2.357665e-10
90 1.586500e-10
91 1.031299e-10
92 6.410254e-11
93 3.789840e-11
94 2.130177e-11
95 0.000000e+00
96 0.000000e+00
97 0.000000e+00
98 0.000000e+00
99 0.000000e+00
100 9.272180e-09
101 6.727452e-09
102 4.701682e-09
103 3.156557e-09
104 2.056148e-09
105 1.340466e-09
106 8.868461e-10
107 5.993703e-10
108 4.118122e-10
109 2.833518e-10
110 1.917642e-10
111 1.255575e-10
112 7.859409e-11
113 4.673271e-11
114 2.637324e-11
115 0.000000e+00
116 0.000000e+00
117 0.000000e+00
118 0.000000e+00
119 0.000000e+00
120 1.200868e-08
121 8.837993e-09
122 6.258456e-09
123 4.259796e-09
124 2.789972e-09
125 1.808659e-09
126 1.185878e-09
127 7.928215e-10
128 5.408069e-10
129 3.719819e-10
130 2.534581e-10
131 1.681108e-10
132 1.070557e-10
133 6.489966e-11
134 3.733998e-11
135 0.000000e+00
136 0.000000e+00
137 0.000000e+00
138 0.000000e+00
139 0.000000e+00
140 1.410974e-08
141 1.049199e-08
142 7.489387e-09
143 5.143798e-09
144 3.389434e-09
145 2.192842e-09
146 1.430542e-09
147 9.497536e-10
148 6.443116e-10
149 4.421679e-10
150 3.020291e-10
151 2.016711e-10
152 1.296965e-10
153 7.955432e-11
154 4.634101e-11
155 0.000000e+00
156 0.000000e+00
157 0.000000e+00
158 0.000000e+00
159 0.000000e+00
160 1.612158e-08
161 1.208159e-08
162 8.677487e-09
163 5.998032e-09
164 3.972282e-09
165 2.568389e-09
166 1.669508e-09
167 1.102825e-09
168 7.446374e-10
169 5.101320e-10
170 3.489521e-10
171 2.340611e-10
172 1.515765e-10
173 9.375919e-11
174 5.510534e-11
175 0.000000e+00
176 0.000000e+00
177 0.000000e+00
178 0.000000e+00
179 0.000000e+00
180 1.658622e-08
181 1.246570e-08
182 8.976907e-09
183 6.225107e-09
184 4.132181e-09
185 2.668259e-09
186 1.732213e-09
187 1.141230e-09
188 7.689581e-10
189 5.262886e-10
190 3.602336e-10
191 2.421474e-10
192 1.573223e-10
193 9.769154e-11
194 5.764136e-11
195 0.000000e+00
196 0.000000e+00
197 0.000000e+00
198 0.000000e+00
199 0.000000e+00
200 2.055409e-08
201 1.571028e-08
202 1.144901e-08
203 8.038519e-09
204 5.406220e-09
205 3.499067e-09
206 2.257990e-09
207 1.474030e-09
208 9.830325e-10
209 6.683488e-10
210 4.572398e-10
211 3.092390e-10
212 2.032509e-10
213 1.281724e-10
214 7.695677e-11
215 0.000000e+00
216 0.000000e+00
217 0.000000e+00
218 0.000000e+00
219 0.000000e+00
220 2.455536e-08
221 1.902770e-08
222 1.400427e-08
223 9.920379e-09
224 6.739908e-09
225 4.381911e-09
226 2.816596e-09
227 1.827480e-09
228 1.208736e-09
229 8.167777e-10
230 5.578851e-10
231 3.785352e-10
232 2.507021e-10
233 1.598139e-10
234 9.717650e-11
235 0.000000e+00
236 0.000000e+00
237 0.000000e+00
238 0.000000e+00
239 0.000000e+00
240 2.695382e-08
241 2.114059e-08
242 1.569563e-08
243 1.119415e-08
244 7.676444e-09
245 5.023681e-09
246 3.220773e-09
247 2.081324e-09
248 1.366678e-09
249 9.175597e-10
250 6.244875e-10
251 4.240427e-10
252 2.821901e-10
253 1.813461e-10
254 1.114165e-10
255 0.000000e+00
256 0.000000e+00
257 0.000000e+00
258 0.000000e+00
259 0.000000e+00
260 3.412889e-08
261 2.741785e-08
262 2.073383e-08
263 1.498584e-08
264 1.043451e-08
265 6.930245e-09
266 4.438858e-09
267 2.848104e-09
268 1.846581e-09
269 1.224173e-09
270 8.266203e-10
271 5.609349e-10
272 3.758979e-10
273 2.447870e-10
274 1.530775e-10
275 0.000000e+00
276 0.000000e+00
277 0.000000e+00
278 0.000000e+00
279 0.000000e+00
280 4.735037e-08
281 3.968651e-08
282 3.116012e-08
283 2.313631e-08
284 1.648997e-08
285 1.128519e-08
286 7.350719e-09
287 4.675160e-09
288 2.984266e-09
289 1.930412e-09
290 1.275077e-09
291 8.547112e-10
292 5.732172e-10
293 3.783173e-10
294 2.422624e-10
295 0.000000e+00
296 0.000000e+00
297 0.000000e+00
298 0.000000e+00
299 0.000000e+00
300 7.666029e-07
301 5.965413e-07
302 4.480456e-07
303 3.243205e-07
304 2.135653e-07
305 1.353672e-07
306 8.532247e-08
307 5.450442e-08
308 0.000000e+00
309 0.000000e+00
310 0.000000e+00
311 0.000000e+00
312 0.000000e+00
313 0.000000e+00
314 0.000000e+00
315 0.000000e+00
316 0.000000e+00
317 0.000000e+00
318 0.000000e+00
319 0.000000e+00
320 9.980064e-07
321 7.820418e-07
322 5.885620e-07
323 4.289671e-07
324 2.852650e-07
325 1.807073e-07
326 1.139275e-07
327 7.246204e-08
328 0.000000e+00
329 0.000000e+00
330 0.000000e+00
331 0.000000e+00
332 0.000000e+00
333 0.000000e+00
334 0.000000e+00
335 0.000000e+00
336 0.000000e+00
337 0.000000e+00
338 0.000000e+00
339 0.000000e+00
340 1.217791e-06
341 9.587354e-07
342 7.225513e-07
343 5.287862e-07
344 3.538880e-07
345 2.241665e-07
346 1.413471e-07
347 8.966314e-08
348 0.000000e+00
349 0.000000e+00
350 0.000000e+00
351 0.000000e+00
352 0.000000e+00
353 0.000000e+00
354 0.000000e+00
355 0.000000e+00
356 0.000000e+00
357 0.000000e+00
358 0.000000e+00
359 0.000000e+00
360 5.317648e-07
361 4.674823e-07
362 3.670271e-07
363 2.768548e-07
364 2.078943e-07
365 1.369789e-07
366 8.639794e-08
367 5.340589e-08
368 3.320751e-08
369 0.000000e+00
370 0.000000e+00
371 0.000000e+00
372 0.000000e+00
373 0.000000e+00
374 0.000000e+00
375 0.000000e+00
376 0.000000e+00
377 0.000000e+00
378 0.000000e+00
379 0.000000e+00
380 7.943109e-07
381 7.059998e-07
382 5.589212e-07
383 4.216139e-07
384 3.177589e-07
385 2.122919e-07
386 1.334747e-07
387 8.274271e-08
388 5.127840e-08
389 0.000000e+00
390 0.000000e+00
391 0.000000e+00
392 0.000000e+00
393 0.000000e+00
394 0.000000e+00
395 0.000000e+00
396 0.000000e+00
397 0.000000e+00
398 0.000000e+00
399 0.000000e+00
400 4.648075e-07
401 4.578357e-07
402 3.986246e-07
403 3.084257e-07
404 2.323242e-07
405 1.756210e-07
406 1.112914e-07
407 7.078112e-08
408 4.273991e-08
409 2.610798e-08
410 0.000000e+00
411 0.000000e+00
412 0.000000e+00
413 0.000000e+00
414 0.000000e+00
415 0.000000e+00
416 0.000000e+00
417 0.000000e+00
418 0.000000e+00
419 0.000000e+00
420 2.579170e-07
421 2.698146e-07
422 2.539693e-07
423 2.091102e-07
424 1.570026e-07
425 1.202687e-07
426 8.579117e-08
427 5.221792e-08
428 3.239673e-08
429 1.948959e-08
430 0.000000e+00
431 0.000000e+00
432 0.000000e+00
433 0.000000e+00
434 0.000000e+00
435 0.000000e+00
436 0.000000e+00
437 0.000000e+00
438 0.000000e+00
439 0.000000e+00
440 5.634725e-05
441 4.389009e-05
442 3.316482e-05
443 2.456290e-05
444 1.607297e-05
445 1.021303e-05
446 6.384596e-06
447 4.048834e-06
448 0.000000e+00
449 0.000000e+00
450 0.000000e+00
451 0.000000e+00
452 0.000000e+00
453 0.000000e+00
454 0.000000e+00
455 0.000000e+00
456 0.000000e+00
457 0.000000e+00
458 0.000000e+00
459 0.000000e+00
460 2.986736e-05
461 2.676125e-05
462 2.114393e-05
463 1.586542e-05
464 1.215518e-05
465 8.042637e-06
466 5.086632e-06
467 3.122620e-06
468 1.934020e-06
469 0.000000e+00
470 0.000000e+00
471 0.000000e+00
472 0.000000e+00
473 0.000000e+00
474 0.000000e+00
475 0.000000e+00
476 0.000000e+00
477 0.000000e+00
478 0.000000e+00
479 0.000000e+00
480 1.796044e-05
481 1.786680e-05
482 1.569918e-05
483 1.215947e-05
484 9.118318e-06
485 7.005928e-06
486 4.397101e-06
487 2.834903e-06
488 1.699001e-06
489 1.033402e-06
490 0.000000e+00
491 0.000000e+00
492 0.000000e+00
493 0.000000e+00
494 0.000000e+00
495 0.000000e+00
496 0.000000e+00
497 0.000000e+00
498 0.000000e+00
499 0.000000e+00
500 1.216937e-05
501 1.283853e-05
502 1.221907e-05
503 1.015434e-05
504 7.620862e-06
505 5.825730e-06
506 4.247253e-06
507 2.543202e-06
508 1.589959e-06
509 9.560243e-07
510 0.000000e+00
511 0.000000e+00
512 0.000000e+00
513 0.000000e+00
514 0.000000e+00
515 0.000000e+00
516 0.000000e+00
517 0.000000e+00
518 0.000000e+00
519 0.000000e+00
520 9.014863e-06
521 9.859884e-06
522 9.886909e-06
523 8.752650e-06
524 6.789856e-06
525 5.071881e-06
526 3.937151e-06
527 2.445688e-06
528 1.587441e-06
529 9.296074e-07
530 5.477507e-07
531 0.000000e+00
532 0.000000e+00
533 0.000000e+00
534 0.000000e+00
535 0.000000e+00
536 0.000000e+00
537 0.000000e+00
538 0.000000e+00
539 0.000000e+00
540 6.567915e+03
541 3.011662e+03
542 1.298958e+03
543 4.599047e+02
544 9.054683e+01
545 9.438942e+03
546 3.931948e+03
547 1.509797e+03
548 4.587280e+02
549 7.312548e+01
550 8.775993e+03
551 3.279941e+03
552 1.106261e+03
553 2.841466e+02
554 3.602026e+01
555 2.680960e-08
556 1.833174e-08
557 1.203998e-08
558 7.595227e-09
559 4.670703e-09
560 3.258526e-08
561 2.201927e-08
562 1.413308e-08
563 8.817918e-09
564 5.335587e-09
565 3.947179e-08
566 2.612551e-08
567 1.648563e-08
568 1.015369e-08
569 6.055412e-09
570 4.812269e-08
571 3.104038e-08
572 1.934522e-08
573 1.170312e-08
574 6.893022e-09
575 5.903982e-08
576 3.720097e-08
577 2.283654e-08
578 1.358795e-08
579 7.892877e-09
580 3.476805e-08
581 2.379849e-08
582 1.566577e-08
583 9.889538e-09
584 6.088906e-09
585 4.225116e-08
586 2.861406e-08
587 1.839344e-08
588 1.148880e-08
589 6.958168e-09
590 5.120466e-08
591 3.398388e-08
592 2.146207e-08
593 1.323565e-08
594 7.899832e-09
595 6.249178e-08
596 4.039237e-08
597 2.519930e-08
598 1.526044e-08
599 8.995847e-09
600 7.677505e-08
601 4.842705e-08
602 2.976206e-08
603 1.772611e-08
604 1.030414e-08
605 4.224457e-08
606 2.893408e-08
607 1.906986e-08
608 1.204373e-08
609 7.420689e-09
610 5.133096e-08
611 3.480994e-08
612 2.239343e-08
613 1.399675e-08
614 8.481934e-09
615 6.222594e-08
616 4.136140e-08
617 2.613453e-08
618 1.612978e-08
619 9.632000e-09
620 7.599051e-08
621 4.917273e-08
622 3.069610e-08
623 1.860107e-08
624 1.097078e-08
625 9.342441e-08
626 5.896733e-08
627 3.626526e-08
628 2.161240e-08
629 1.256883e-08
630 2.546487e-08
631 1.697241e-08
632 1.157104e-08
633 7.709872e-09
634 4.844675e-09
635 3.054790e-08
636 2.038696e-08
637 1.395538e-08
638 9.016758e-09
639 5.618310e-09
640 3.639181e-08
641 2.458091e-08
642 1.660069e-08
643 1.046811e-08
644 6.462281e-09
645 4.390388e-08
646 3.001735e-08
647 1.966566e-08
648 1.224513e-08
649 7.425387e-09
650 5.430621e-08
651 3.697951e-08
652 2.343065e-08
653 1.441906e-08
654 8.599723e-09
655 3.895871e-08
656 2.596645e-08
657 1.767837e-08
658 1.180367e-08
659 7.420551e-09
660 4.675136e-08
661 3.115750e-08
662 2.132916e-08
663 1.380995e-08
664 8.608078e-09
665 5.567774e-08
666 3.753325e-08
667 2.539634e-08
668 1.603437e-08
669 9.903476e-09
670 6.710181e-08
671 4.583183e-08
672 3.011479e-08
673 1.875566e-08
674 1.138116e-08
675 8.289288e-08
676 5.653279e-08
677 3.588951e-08
678 2.208709e-08
679 1.318434e-08
680 3.110644e-08
681 2.176774e-08
682 1.418522e-08
683 9.589970e-09
684 6.331121e-09
685 3.821368e-08
686 2.577833e-08
687 1.685437e-08
688 1.149951e-08
689 7.303417e-09
690 4.608363e-08
691 3.025554e-08
692 2.013617e-08
693 1.354843e-08
694 8.366877e-09
695 5.527529e-08
696 3.586860e-08
697 2.436526e-08
698 1.580424e-08
699 9.696233e-09
700 6.650130e-08
701 4.359597e-08
702 2.969981e-08
703 1.851884e-08
704 1.134391e-08
