0 2.558255e-09
1 1.748740e-09
2 1.157866e-09
3 7.600948e-10
4 5.056264e-10
5 3.428042e-10
6 2.365085e-10
7 1.639429e-10
8 1.121808e-10
9 7.449427e-11
10 4.738738e-11
11 2.864688e-11
12 1.642293e-11
13 8.958301e-12
14 4.683467e-12
15 0.000000e+00
16 0.000000e+00
17 0.000000e+00
18 0.000000e+00
19 0.000000e+00
20 4.305980e-09
21 3.008910e-09
22 2.024006e-09
23 1.323991e-09
24 8.689735e-10
25 5.794215e-10
26 3.946364e-10
27 2.728748e-10
28 1.883899e-10
29 1.277258e-10
30 8.360242e-11
31 5.221928e-11
32 3.093885e-11
33 1.738484e-11
34 9.320433e-12
35 0.000000e+00
36 0.000000e+00
37 0.000000e+00
38 0.000000e+00
39 0.000000e+00
40 4.973179e-09
41 3.496647e-09
42 2.365992e-09
43 1.549728e-09
44 1.013560e-09
45 6.729338e-10
46 4.562586e-10
47 3.147127e-10
48 2.177041e-10
49 1.482712e-10
50 9.774706e-11
51 6.158928e-11
52 3.683453e-11
53 2.088172e-11
54 1.126937e-11
55 0.000000e+00
56 0.000000e+00
57 0.000000e+00
58 0.000000e+00
59 0.000000e+00
60 5.388097e-09
61 3.799814e-09
62 2.578790e-09
63 1.690144e-09
64 1.103572e-09
65 7.311394e-10
66 4.945857e-10
67 3.407677e-10
68 2.358698e-10
69 1.610023e-10
70 1.065164e-10
71 6.740549e-11
72 4.049024e-11
73 2.304958e-11
74 1.248181e-11
75 0.000000e+00
76 0.000000e+00
77 0.000000e+00
78 0.000000e+00
79 0.000000e+00
80 5.763907e-09
81 4.074124e-09
82 2.771657e-09
83 1.817191e-09
84 1.184922e-09
85 7.837619e-10
86 5.292780e-10
87 3.643369e-10
88 2.523084e-10
89 1.725272e-10
90 1.144452e-10
91 7.266410e-11
92 4.379929e-11
93 2.501188e-11
94 1.358059e-11
95 0.000000e+00
96 0.000000e+00
97 0.000000e+00
98 0.000000e+00
99 0.000000e+00
100 9.232915e-09
101 6.672791e-09
102 4.651641e-09
103 3.104532e-09
104 2.012341e-09
105 1.313707e-09
106 8.705006e-10
107 5.905245e-10
108 4.071706e-10
109 2.808228e-10
110 1.900917e-10
111 1.242068e-10
112 7.741587e-11
113 4.574646e-11
114 2.562429e-11
115 0.000000e+00
116 0.000000e+00
117 0.000000e+00
118 0.000000e+00
119 0.000000e+00
120 1.199894e-08
121 8.788672e-09
122 6.207060e-09
123 4.206726e-09
124 2.735510e-09
125 1.773642e-09
126 1.164053e-09
127 7.809354e-10
128 5.349578e-10
129 3.690666e-10
130 2.517722e-10
131 1.668073e-10
132 1.058601e-10
133 6.381690e-11
134 3.645288e-11
135 0.000000e+00
136 0.000000e+00
137 0.000000e+00
138 0.000000e+00
139 0.000000e+00
140 1.378159e-08
141 1.015985e-08
142 7.216165e-09
143 4.922528e-09
144 3.209509e-09
145 2.074467e-09
146 1.356238e-09
147 9.054806e-10
148 6.180816e-10
149 4.263435e-10
150 2.917485e-10
151 1.944402e-10
152 1.243539e-10
153 7.561002e-11
154 4.355286e-11
155 0.000000e+00
156 0.000000e+00
157 0.000000e+00
158 0.000000e+00
159 0.000000e+00
160 1.539259e-08
161 1.140015e-08
162 8.128528e-09
163 5.570380e-09
164 3.637857e-09
165 2.346448e-09
166 1.529968e-09
167 1.017899e-09
168 6.932172e-10
169 4.781038e-10
170 3.278993e-10
171 2.194180e-10
172 1.410694e-10
173 8.626734e-11
174 4.996748e-11
175 0.000000e+00
176 0.000000e+00
177 0.000000e+00
178 0.000000e+00
179 0.000000e+00
180 1.740137e-08
181 1.308776e-08
182 9.428636e-09
183 6.551743e-09
184 4.348031e-09
185 2.799377e-09
186 1.816816e-09
187 1.195146e-09
188 8.050929e-10
189 5.514175e-10
190 3.780234e-10
191 2.546184e-10
192 1.657726e-10
193 1.031218e-10
194 6.091230e-11
195 0.000000e+00
196 0.000000e+00
197 0.000000e+00
198 0.000000e+00
199 0.000000e+00
200 2.145902e-08
201 1.640011e-08
202 1.194692e-08
203 8.395744e-09
204 5.647046e-09
205 3.641445e-09
206 2.349524e-09
207 1.531373e-09
208 1.021609e-09
209 6.952702e-10
210 4.764876e-10
211 3.228706e-10
212 2.125837e-10
213 1.342246e-10
214 8.062248e-11
215 0.000000e+00
216 0.000000e+00
217 0.000000e+00
218 0.000000e+00
219 0.000000e+00
220 2.516457e-08
221 1.943695e-08
222 1.425728e-08
223 1.008935e-08
224 6.840696e-09
225 4.417159e-09
226 2.839481e-09
227 1.841065e-09
228 1.220709e-09
229 8.274025e-10
230 5.668826e-10
231 3.855046e-10
232 2.555464e-10
233 1.627868e-10
234 9.874190e-11
235 0.000000e+00
236 0.000000e+00
237 0.000000e+00
238 0.000000e+00
239 0.000000e+00
240 2.859338e-08
241 2.253368e-08
242 1.678320e-08
243 1.199486e-08
244 8.256255e-09
245 5.412880e-09
246 3.463258e-09
247 2.234901e-09
248 1.463476e-09
249 9.804419e-10
250 6.668590e-10
251 4.532349e-10
252 3.023426e-10
253 1.949659e-10
254 1.202603e-10
255 0.000000e+00
256 0.000000e+00
257 0.000000e+00
258 0.000000e+00
259 0.000000e+00
260 3.581507e-08
261 2.886873e-08
262 2.186926e-08
263 1.582261e-08
264 1.104204e-08
265 7.343550e-09
266 4.691000e-09
267 3.008781e-09
268 1.946285e-09
269 1.288795e-09
270 8.701175e-10
271 5.910145e-10
272 3.968117e-10
273 2.590434e-10
274 1.624192e-10
275 0.000000e+00
276 0.000000e+00
277 0.000000e+00
278 0.000000e+00
279 0.000000e+00
280 4.965478e-08
281 4.184863e-08
282 3.301005e-08
283 2.459228e-08
284 1.756920e-08
285 1.206579e-08
286 7.876442e-09
287 5.002963e-09
288 3.188782e-09
289 2.056863e-09
290 1.354996e-09
291 9.068608e-10
292 6.082109e-10
293 4.020160e-10
294 2.581374e-10
295 0.000000e+00
296 0.000000e+00
297 0.000000e+00
298 0.000000e+00
299 0.000000e+00
300 8.546959e-07
301 6.611702e-07
302 4.997657e-07
303 3.640852e-07
304 2.366844e-07
305 1.501613e-07
306 9.392226e-08
307 5.994353e-08
308 0.000000e+00
309 0.000000e+00
310 0.000000e+00
311 0.000000e+00
312 0.000000e+00
313 0.000000e+00
314 0.000000e+00
315 0.000000e+00
316 0.000000e+00
317 0.000000e+00
318 0.000000e+00
319 0.000000e+00
320 1.083535e-06
321 8.410732e-07
322 6.355260e-07
323 4.654807e-07
324 3.041905e-07
325 1.927536e-07
326 1.205684e-07
327 7.678064e-08
328 0.000000e+00
329 0.000000e+00
330 0.000000e+00
331 0.000000e+00
332 0.000000e+00
333 0.000000e+00
334 0.000000e+00
335 0.000000e+00
336 0.000000e+00
337 0.000000e+00
338 0.000000e+00
339 0.000000e+00
340 1.290636e-06
341 1.003883e-06
342 7.583829e-07
343 5.572343e-07
344 3.652795e-07
345 2.312969e-07
346 1.446815e-07
347 9.201726e-08
348 0.000000e+00
349 0.000000e+00
350 0.000000e+00
351 0.000000e+00
352 0.000000e+00
353 0.000000e+00
354 0.000000e+00
355 0.000000e+00
356 0.000000e+00
357 0.000000e+00
358 0.000000e+00
359 0.000000e+00
360 5.704697e-07
361 5.082363e-07
362 3.994803e-07
363 2.998187e-07
364 2.297377e-07
365 1.503818e-07
366 9.542953e-08
367 5.848545e-08
368 3.626592e-08
369 0.000000e+00
370 0.000000e+00
371 0.000000e+00
372 0.000000e+00
373 0.000000e+00
374 0.000000e+00
375 0.000000e+00
376 0.000000e+00
377 0.000000e+00
378 0.000000e+00
379 0.000000e+00
380 8.254308e-07
381 7.392417e-07
382 5.835062e-07
383 4.377328e-07
384 3.356836e-07
385 2.216439e-07
386 1.401236e-07
387 8.601212e-08
388 5.328267e-08
389 0.000000e+00
390 0.000000e+00
391 0.000000e+00
392 0.000000e+00
393 0.000000e+00
394 0.000000e+00
395 0.000000e+00
396 0.000000e+00
397 0.000000e+00
398 0.000000e+00
399 0.000000e+00
400 4.780330e-07
401 4.761607e-07
402 4.188719e-07
403 3.244105e-07
404 2.430883e-07
405 1.872457e-07
406 1.172700e-07
407 7.578639e-08
408 4.535319e-08
409 2.757331e-08
410 0.000000e+00
411 0.000000e+00
412 0.000000e+00
413 0.000000e+00
414 0.000000e+00
415 0.000000e+00
416 0.000000e+00
417 0.000000e+00
418 0.000000e+00
419 0.000000e+00
420 2.651969e-07
421 2.800919e-07
422 2.669509e-07
423 2.220426e-07
424 1.665602e-07
425 1.273012e-07
426 9.312050e-08
427 5.553867e-08
428 3.474791e-08
429 2.090255e-08
430 0.000000e+00
431 0.000000e+00
432 0.000000e+00
433 0.000000e+00
434 0.000000e+00
435 0.000000e+00
436 0.000000e+00
437 0.000000e+00
438 0.000000e+00
439 0.000000e+00
440 7.788838e-05
441 6.018278e-05
442 4.554538e-05
443 3.387344e-05
444 2.181932e-05
445 1.394320e-05
446 8.655134e-06
447 5.498155e-06
448 0.000000e+00
449 0.000000e+00
450 0.000000e+00
451 0.000000e+00
452 0.000000e+00
453 0.000000e+00
454 0.000000e+00
455 0.000000e+00
456 0.000000e+00
457 0.000000e+00
458 0.000000e+00
459 0.000000e+00
460 4.185755e-05
461 3.765292e-05
462 2.971283e-05
463 2.220657e-05
464 1.717288e-05
465 1.128674e-05
466 7.187565e-06
467 4.373752e-06
468 2.709018e-06
469 0.000000e+00
470 0.000000e+00
471 0.000000e+00
472 0.000000e+00
473 0.000000e+00
474 0.000000e+00
475 0.000000e+00
476 0.000000e+00
477 0.000000e+00
478 0.000000e+00
479 0.000000e+00
480 2.578935e-05
481 2.579096e-05
482 2.277985e-05
483 1.765610e-05
484 1.319711e-05
485 1.023414e-05
486 6.384156e-06
487 4.165630e-06
488 2.482263e-06
489 1.504480e-06
490 0.000000e+00
491 0.000000e+00
492 0.000000e+00
493 0.000000e+00
494 0.000000e+00
495 0.000000e+00
496 0.000000e+00
497 0.000000e+00
498 0.000000e+00
499 0.000000e+00
500 1.795357e-05
501 1.902349e-05
502 1.821109e-05
503 1.520862e-05
504 1.141008e-05
505 8.705399e-06
506 6.431973e-06
507 3.800373e-06
508 2.390817e-06
509 1.436753e-06
510 0.000000e+00
511 0.000000e+00
512 0.000000e+00
513 0.000000e+00
514 0.000000e+00
515 0.000000e+00
516 0.000000e+00
517 0.000000e+00
518 0.000000e+00
519 0.000000e+00
520 1.364056e-05
521 1.497367e-05
522 1.509203e-05
523 1.344273e-05
524 1.046038e-05
525 7.793702e-06
526 6.080895e-06
527 3.794121e-06
528 2.476602e-06
529 1.443931e-06
530 8.502248e-07
531 0.000000e+00
532 0.000000e+00
533 0.000000e+00
534 0.000000e+00
535 0.000000e+00
536 0.000000e+00
537 0.000000e+00
538 0.000000e+00
539 0.000000e+00
