0 2.532329e-09
1 1.731017e-09
2 1.146132e-09
3 7.523918e-10
4 5.005022e-10
5 3.393301e-10
6 2.341116e-10
7 1.622814e-10
8 1.110440e-10
9 7.373932e-11
10 4.690714e-11
11 2.835656e-11
12 1.625650e-11
13 8.867514e-12
14 4.636003e-12
15 0.000000e+00
16 0.000000e+00
17 0.000000e+00
18 0.000000e+00
19 0.000000e+00
20 4.268468e-09
21 2.982698e-09
22 2.006374e-09
23 1.312456e-09
24 8.614034e-10
25 5.743738e-10
26 3.911985e-10
27 2.704977e-10
28 1.867487e-10
29 1.266131e-10
30 8.287410e-11
31 5.176437e-11
32 3.066932e-11
33 1.723339e-11
34 9.239237e-12
35 0.000000e+00
36 0.000000e+00
37 0.000000e+00
38 0.000000e+00
39 0.000000e+00
40 4.935263e-09
41 3.469988e-09
42 2.347953e-09
43 1.537913e-09
44 1.005832e-09
45 6.678032e-10
46 4.527800e-10
47 3.123132e-10
48 2.160442e-10
49 1.471408e-10
50 9.700181e-11
51 6.111971e-11
52 3.655370e-11
53 2.072251e-11
54 1.118345e-11
55 0.000000e+00
56 0.000000e+00
57 0.000000e+00
58 0.000000e+00
59 0.000000e+00
60 5.354854e-09
61 3.776370e-09
62 2.562880e-09
63 1.679716e-09
64 1.096763e-09
65 7.266285e-10
66 4.915342e-10
67 3.386652e-10
68 2.344146e-10
69 1.600090e-10
70 1.058593e-10
71 6.698962e-11
72 4.024042e-11
73 2.290737e-11
74 1.240480e-11
75 0.000000e+00
76 0.000000e+00
77 0.000000e+00
78 0.000000e+00
79 0.000000e+00
80 5.769034e-09
81 4.077748e-09
82 2.774122e-09
83 1.818807e-09
84 1.185976e-09
85 7.844591e-10
86 5.297488e-10
87 3.646610e-10
88 2.525328e-10
89 1.726806e-10
90 1.145470e-10
91 7.272873e-11
92 4.383824e-11
93 2.503413e-11
94 1.359267e-11
95 0.000000e+00
96 0.000000e+00
97 0.000000e+00
98 0.000000e+00
99 0.000000e+00
100 9.165636e-09
101 6.624168e-09
102 4.617745e-09
103 3.081910e-09
104 1.997677e-09
105 1.304134e-09
106 8.641574e-10
107 5.862215e-10
108 4.042036e-10
109 2.787765e-10
110 1.887065e-10
111 1.233017e-10
112 7.685175e-11
113 4.541311e-11
114 2.543757e-11
115 0.000000e+00
116 0.000000e+00
117 0.000000e+00
118 0.000000e+00
119 0.000000e+00
120 1.192457e-08
121 8.734201e-09
122 6.168590e-09
123 4.180653e-09
124 2.718556e-09
125 1.762649e-09
126 1.156838e-09
127 7.760953e-10
128 5.316422e-10
129 3.667792e-10
130 2.502117e-10
131 1.657734e-10
132 1.052040e-10
133 6.342137e-11
134 3.622695e-11
135 0.000000e+00
136 0.000000e+00
137 0.000000e+00
138 0.000000e+00
139 0.000000e+00
140 1.371625e-08
141 1.011168e-08
142 7.181951e-09
143 4.899188e-09
144 3.194292e-09
145 2.064631e-09
146 1.349808e-09
147 9.011874e-10
148 6.151511e-10
149 4.243220e-10
150 2.903653e-10
151 1.935183e-10
152 1.237643e-10
153 7.525153e-11
154 4.334636e-11
155 0.000000e+00
156 0.000000e+00
157 0.000000e+00
158 0.000000e+00
159 0.000000e+00
160 1.542842e-08
161 1.142669e-08
162 8.147451e-09
163 5.583347e-09
164 3.646326e-09
165 2.351910e-09
166 1.533530e-09
167 1.020269e-09
168 6.948310e-10
169 4.792169e-10
170 3.286626e-10
171 2.199288e-10
172 1.413978e-10
173 8.646817e-11
174 5.008380e-11
175 0.000000e+00
176 0.000000e+00
177 0.000000e+00
178 0.000000e+00
179 0.000000e+00
180 1.731249e-08
181 1.302091e-08
182 9.380477e-09
183 6.518278e-09
184 4.325822e-09
185 2.785079e-09
186 1.807536e-09
187 1.189041e-09
188 8.009807e-10
189 5.486011e-10
190 3.760925e-10
191 2.533178e-10
192 1.649259e-10
193 1.025951e-10
194 6.060117e-11
195 0.000000e+00
196 0.000000e+00
197 0.000000e+00
198 0.000000e+00
199 0.000000e+00
200 2.138070e-08
201 1.634026e-08
202 1.190332e-08
203 8.365104e-09
204 5.626437e-09
205 3.628155e-09
206 2.340949e-09
207 1.525784e-09
208 1.017880e-09
209 6.927328e-10
210 4.747486e-10
211 3.216922e-10
212 2.118079e-10
213 1.337347e-10
214 8.032824e-11
215 0.000000e+00
216 0.000000e+00
217 0.000000e+00
218 0.000000e+00
219 0.000000e+00
220 2.525082e-08
221 1.950357e-08
222 1.430615e-08
223 1.012393e-08
224 6.864142e-09
225 4.432299e-09
226 2.849214e-09
227 1.847375e-09
228 1.224893e-09
229 8.302384e-10
230 5.688256e-10
231 3.868260e-10
232 2.564223e-10
233 1.633448e-10
234 9.908034e-11
235 0.000000e+00
236 0.000000e+00
237 0.000000e+00
238 0.000000e+00
239 0.000000e+00
240 2.853078e-08
241 2.248434e-08
242 1.674646e-08
243 1.196860e-08
244 8.238180e-09
245 5.401030e-09
246 3.455676e-09
247 2.230009e-09
248 1.460272e-09
249 9.782954e-10
250 6.653990e-10
251 4.522426e-10
252 3.016807e-10
253 1.945391e-10
254 1.199970e-10
255 0.000000e+00
256 0.000000e+00
257 0.000000e+00
258 0.000000e+00
259 0.000000e+00
260 3.599050e-08
261 2.901014e-08
262 2.197638e-08
263 1.590011e-08
264 1.109613e-08
265 7.379520e-09
266 4.713977e-09
267 3.023519e-09
268 1.955818e-09
269 1.295107e-09
270 8.743795e-10
271 5.939094e-10
272 3.987554e-10
273 2.603123e-10
274 1.632147e-10
275 0.000000e+00
276 0.000000e+00
277 0.000000e+00
278 0.000000e+00
279 0.000000e+00
280 5.025243e-08
281 4.235232e-08
282 3.340736e-08
283 2.488827e-08
284 1.778066e-08
285 1.221101e-08
286 7.971242e-09
287 5.063178e-09
288 3.227162e-09
289 2.081619e-09
290 1.371304e-09
291 9.177758e-10
292 6.155313e-10
293 4.068546e-10
294 2.612443e-10
295 0.000000e+00
296 0.000000e+00
297 0.000000e+00
298 0.000000e+00
299 0.000000e+00
300 8.525103e-07
301 6.594796e-07
302 4.984877e-07
303 3.631541e-07
304 2.360792e-07
305 1.497773e-07
306 9.368209e-08
307 5.979024e-08
308 0.000000e+00
309 0.000000e+00
310 0.000000e+00
311 0.000000e+00
312 0.000000e+00
313 0.000000e+00
314 0.000000e+00
315 0.000000e+00
316 0.000000e+00
317 0.000000e+00
318 0.000000e+00
319 0.000000e+00
320 1.082349e-06
321 8.401521e-07
322 6.348299e-07
323 4.649709e-07
324 3.038573e-07
325 1.925425e-07
326 1.204364e-07
327 7.669655e-08
328 0.000000e+00
329 0.000000e+00
330 0.000000e+00
331 0.000000e+00
332 0.000000e+00
333 0.000000e+00
334 0.000000e+00
335 0.000000e+00
336 0.000000e+00
337 0.000000e+00
338 0.000000e+00
339 0.000000e+00
340 1.298380e-06
341 1.009907e-06
342 7.629332e-07
343 5.605777e-07
344 3.674711e-07
345 2.326847e-07
346 1.455496e-07
347 9.256936e-08
348 0.000000e+00
349 0.000000e+00
350 0.000000e+00
351 0.000000e+00
352 0.000000e+00
353 0.000000e+00
354 0.000000e+00
355 0.000000e+00
356 0.000000e+00
357 0.000000e+00
358 0.000000e+00
359 0.000000e+00
360 5.698449e-07
361 5.076797e-07
362 3.990427e-07
363 2.994903e-07
364 2.294861e-07
365 1.502171e-07
366 9.532501e-08
367 5.842140e-08
368 3.622620e-08
369 0.000000e+00
370 0.000000e+00
371 0.000000e+00
372 0.000000e+00
373 0.000000e+00
374 0.000000e+00
375 0.000000e+00
376 0.000000e+00
377 0.000000e+00
378 0.000000e+00
379 0.000000e+00
380 8.303834e-07
381 7.436771e-07
382 5.870073e-07
383 4.403592e-07
384 3.376977e-07
385 2.229737e-07
386 1.409644e-07
387 8.652820e-08
388 5.360237e-08
389 0.000000e+00
390 0.000000e+00
391 0.000000e+00
392 0.000000e+00
393 0.000000e+00
394 0.000000e+00
395 0.000000e+00
396 0.000000e+00
397 0.000000e+00
398 0.000000e+00
399 0.000000e+00
400 4.809012e-07
401 4.790176e-07
402 4.213852e-07
403 3.263569e-07
404 2.445468e-07
405 1.883692e-07
406 1.179737e-07
407 7.624111e-08
408 4.562531e-08
409 2.773875e-08
410 0.000000e+00
411 0.000000e+00
412 0.000000e+00
413 0.000000e+00
414 0.000000e+00
415 0.000000e+00
416 0.000000e+00
417 0.000000e+00
418 0.000000e+00
419 0.000000e+00
420 2.667881e-07
421 2.817724e-07
422 2.685526e-07
423 2.233749e-07
424 1.675595e-07
425 1.280650e-07
426 9.367922e-08
427 5.587190e-08
428 3.495640e-08
429 2.102797e-08
430 0.000000e+00
431 0.000000e+00
432 0.000000e+00
433 0.000000e+00
434 0.000000e+00
435 0.000000e+00
436 0.000000e+00
437 0.000000e+00
438 0.000000e+00
439 0.000000e+00
440 7.788838e-05
441 6.018278e-05
442 4.554538e-05
443 3.387344e-05
444 2.181932e-05
445 1.394320e-05
446 8.655134e-06
447 5.498155e-06
448 0.000000e+00
449 0.000000e+00
450 0.000000e+00
451 0.000000e+00
452 0.000000e+00
453 0.000000e+00
454 0.000000e+00
455 0.000000e+00
456 0.000000e+00
457 0.000000e+00
458 0.000000e+00
459 0.000000e+00
460 4.185755e-05
461 3.765292e-05
462 2.971283e-05
463 2.220657e-05
464 1.717288e-05
465 1.128674e-05
466 7.187565e-06
467 4.373752e-06
468 2.709018e-06
469 0.000000e+00
470 0.000000e+00
471 0.000000e+00
472 0.000000e+00
473 0.000000e+00
474 0.000000e+00
475 0.000000e+00
476 0.000000e+00
477 0.000000e+00
478 0.000000e+00
479 0.000000e+00
480 2.578935e-05
481 2.579096e-05
482 2.277985e-05
483 1.765610e-05
484 1.319711e-05
485 1.023414e-05
486 6.384156e-06
487 4.165630e-06
488 2.482263e-06
489 1.504480e-06
490 0.000000e+00
491 0.000000e+00
492 0.000000e+00
493 0.000000e+00
494 0.000000e+00
495 0.000000e+00
496 0.000000e+00
497 0.000000e+00
498 0.000000e+00
499 0.000000e+00
500 1.795357e-05
501 1.902349e-05
502 1.821109e-05
503 1.520862e-05
504 1.141008e-05
505 8.705399e-06
506 6.431973e-06
507 3.800373e-06
508 2.390817e-06
509 1.436753e-06
510 0.000000e+00
511 0.000000e+00
512 0.000000e+00
513 0.000000e+00
514 0.000000e+00
515 0.000000e+00
516 0.000000e+00
517 0.000000e+00
518 0.000000e+00
519 0.000000e+00
520 1.364056e-05
521 1.497367e-05
522 1.509203e-05
523 1.344273e-05
524 1.046038e-05
525 7.793702e-06
526 6.080895e-06
527 3.794121e-06
528 2.476602e-06
529 1.443931e-06
530 8.502248e-07
531 0.000000e+00
532 0.000000e+00
533 0.000000e+00
534 0.000000e+00
535 0.000000e+00
536 0.000000e+00
537 0.000000e+00
538 0.000000e+00
539 0.000000e+00
540 6.567915e+03
541 3.011662e+03
542 1.298958e+03
543 4.599047e+02
544 9.054683e+01
545 9.438942e+03
546 3.931948e+03
547 1.509797e+03
548 4.587280e+02
549 7.312548e+01
550 8.775993e+03
551 3.279941e+03
552 1.106261e+03
553 2.841466e+02
554 3.602026e+01
555 2.782332e-08
556 1.902808e-08
557 1.250079e-08
558 7.886724e-09
559 4.850772e-09
560 3.381692e-08
561 2.285888e-08
562 1.467446e-08
563 9.157138e-09
564 5.541574e-09
565 4.096691e-08
566 2.712449e-08
567 1.711792e-08
568 1.054503e-08
569 6.289517e-09
570 4.995294e-08
571 3.222880e-08
572 2.008886e-08
573 1.215474e-08
574 7.159876e-09
575 6.129480e-08
576 3.862734e-08
577 2.371608e-08
578 1.411320e-08
579 8.198822e-09
580 3.569934e-08
581 2.443828e-08
582 1.608996e-08
583 1.015800e-08
584 6.254905e-09
585 4.338213e-08
586 2.938604e-08
587 1.889191e-08
588 1.180137e-08
589 7.148106e-09
590 5.257755e-08
591 3.490318e-08
592 2.204436e-08
593 1.359639e-08
594 8.115757e-09
595 6.417352e-08
596 4.148653e-08
597 2.588438e-08
598 1.567684e-08
599 9.242046e-09
600 7.884962e-08
601 4.974059e-08
602 3.057262e-08
603 1.821056e-08
604 1.058647e-08
605 4.310474e-08
606 2.952442e-08
607 1.946052e-08
608 1.229080e-08
609 7.573285e-09
610 5.237576e-08
611 3.552158e-08
612 2.285238e-08
613 1.428425e-08
614 8.656476e-09
615 6.349365e-08
616 4.220824e-08
617 2.667050e-08
618 1.646141e-08
619 9.830354e-09
620 7.754185e-08
621 5.018027e-08
622 3.132633e-08
623 1.898376e-08
624 1.119686e-08
625 9.533602e-08
626 6.017646e-08
627 3.701058e-08
628 2.205744e-08
629 1.282802e-08
630 2.709477e-08
631 1.805864e-08
632 1.230913e-08
633 8.204222e-09
634 5.155631e-09
635 3.250474e-08
636 2.168830e-08
637 1.484644e-08
638 9.595411e-09
639 5.979205e-09
640 3.872106e-08
641 2.614649e-08
642 1.766315e-08
643 1.114005e-08
644 6.877639e-09
645 4.670656e-08
646 3.192904e-08
647 2.092722e-08
648 1.303112e-08
649 7.902814e-09
650 5.776169e-08
651 3.934205e-08
652 2.493463e-08
653 1.534480e-08
654 9.152987e-09
655 4.029633e-08
656 2.685801e-08
657 1.828399e-08
658 1.220942e-08
659 7.675825e-09
660 4.835754e-08
661 3.222546e-08
662 2.206029e-08
663 1.428497e-08
664 8.904343e-09
665 5.758954e-08
666 3.881787e-08
667 2.626830e-08
668 1.658600e-08
669 1.024445e-08
670 6.940200e-08
671 4.740033e-08
672 3.115039e-08
673 1.940086e-08
674 1.177311e-08
675 8.572843e-08
676 5.847142e-08
677 3.712421e-08
678 2.284698e-08
679 1.363857e-08
680 3.286817e-08
681 2.300492e-08
682 1.499119e-08
683 1.013363e-08
684 6.691018e-09
685 4.038039e-08
686 2.724386e-08
687 1.781054e-08
688 1.215155e-08
689 7.718623e-09
690 4.869920e-08
691 3.197457e-08
692 2.127674e-08
693 1.431741e-08
694 8.842437e-09
695 5.841467e-08
696 3.790325e-08
697 2.574445e-08
698 1.670228e-08
699 1.024732e-08
700 7.027803e-08
701 4.606361e-08
702 3.138299e-08
703 1.957153e-08
704 1.198871e-08
