0 3.584387e-09
1 2.487892e-09
2 1.666469e-09
3 1.091892e-09
4 7.195423e-10
5 4.822317e-10
6 3.296668e-10
7 2.280094e-10
8 1.569228e-10
9 1.057025e-10
10 6.859271e-11
11 4.244528e-11
12 2.492457e-11
13 1.389960e-11
14 7.401780e-12
15 0.000000e+00
16 0.000000e+00
17 0.000000e+00
18 0.000000e+00
19 0.000000e+00
20 5.884009e-09
21 4.174250e-09
22 2.852745e-09
23 1.880244e-09
24 1.225402e-09
25 8.090910e-10
26 5.443445e-10
27 3.735172e-10
28 2.581232e-10
29 1.765554e-10
30 1.174364e-10
31 7.491850e-11
32 4.545142e-11
33 2.614672e-11
34 1.429958e-11
35 0.000000e+00
36 0.000000e+00
37 0.000000e+00
38 0.000000e+00
39 0.000000e+00
40 6.717402e-09
41 4.792847e-09
42 3.295707e-09
43 2.180625e-09
44 1.418536e-09
45 9.331202e-10
46 6.248840e-10
47 4.272810e-10
48 2.950746e-10
49 2.023932e-10
50 1.353795e-10
51 8.704187e-11
52 5.326113e-11
53 3.090802e-11
54 1.703729e-11
55 0.000000e+00
56 0.000000e+00
57 0.000000e+00
58 0.000000e+00
59 0.000000e+00
60 7.261424e-09
61 5.196257e-09
62 3.584530e-09
63 2.376407e-09
64 1.544665e-09
65 1.014005e-09
66 6.772913e-10
67 4.623129e-10
68 3.192517e-10
69 2.192782e-10
70 1.471093e-10
71 9.495911e-11
72 5.837375e-11
73 3.402649e-11
74 1.883075e-11
75 0.000000e+00
76 0.000000e+00
77 0.000000e+00
78 0.000000e+00
79 0.000000e+00
80 7.766771e-09
81 5.571229e-09
82 3.852888e-09
83 2.558308e-09
84 1.661512e-09
85 1.089149e-09
86 7.259514e-10
87 4.947746e-10
88 3.416959e-10
89 2.349756e-10
90 1.579979e-10
91 1.022956e-10
92 6.310415e-11
93 3.691317e-11
94 2.048876e-11
95 0.000000e+00
96 0.000000e+00
97 0.000000e+00
98 0.000000e+00
99 0.000000e+00
100 1.204996e-08
101 8.838175e-09
102 6.247926e-09
103 4.241101e-09
104 2.762128e-09
105 1.790123e-09
106 1.174113e-09
107 7.869410e-10
108 5.383657e-10
109 3.712115e-10
110 2.532611e-10
111 1.679294e-10
112 1.067254e-10
113 6.446078e-11
114 3.689873e-11
115 0.000000e+00
116 0.000000e+00
117 0.000000e+00
118 0.000000e+00
119 0.000000e+00
120 1.521618e-08
121 1.131810e-08
122 8.091555e-09
123 5.571020e-09
124 3.660920e-09
125 2.360537e-09
126 1.537822e-09
127 1.019460e-09
128 6.915945e-10
129 4.755836e-10
130 3.258287e-10
131 2.182971e-10
132 1.408288e-10
133 8.657080e-11
134 5.047152e-11
135 0.000000e+00
136 0.000000e+00
137 0.000000e+00
138 0.000000e+00
139 0.000000e+00
140 1.734004e-08
141 1.298883e-08
142 9.336333e-09
143 6.468210e-09
144 4.271866e-09
145 2.748957e-09
146 1.785284e-09
147 1.177371e-09
148 7.954305e-10
149 5.461182e-10
150 3.747705e-10
151 2.522547e-10
152 1.638505e-10
153 1.015446e-10
154 5.969662e-11
155 0.000000e+00
156 0.000000e+00
157 0.000000e+00
158 0.000000e+00
159 0.000000e+00
160 1.930537e-08
161 1.453954e-08
162 1.048990e-08
163 7.301533e-09
164 4.837830e-09
165 3.109026e-09
166 2.014658e-09
167 1.323746e-09
168 8.916819e-10
169 6.114838e-10
170 4.201389e-10
171 2.837371e-10
172 1.851929e-10
173 1.154192e-10
174 6.824296e-11
175 0.000000e+00
176 0.000000e+00
177 0.000000e+00
178 0.000000e+00
179 0.000000e+00
180 2.096998e-08
181 1.602396e-08
182 1.167056e-08
183 8.198199e-09
184 5.514416e-09
185 3.558984e-09
186 2.296727e-09
187 1.497674e-09
188 9.991373e-10
189 6.798070e-10
190 4.656548e-10
191 3.153154e-10
192 2.074710e-10
193 1.309272e-10
194 7.862062e-11
195 0.000000e+00
196 0.000000e+00
197 0.000000e+00
198 0.000000e+00
199 0.000000e+00
200 2.533208e-08
201 1.967518e-08
202 1.449469e-08
203 1.028101e-08
204 7.005539e-09
205 4.548230e-09
206 2.919000e-09
207 1.890772e-09
208 1.249005e-09
209 8.433733e-10
210 5.762705e-10
211 3.915903e-10
212 2.599312e-10
213 1.661298e-10
214 1.012730e-10
215 0.000000e+00
216 0.000000e+00
217 0.000000e+00
218 0.000000e+00
219 0.000000e+00
220 2.940796e-08
221 2.309773e-08
222 1.714555e-08
223 1.224001e-08
224 8.406120e-09
225 5.479622e-09
226 3.504969e-09
227 2.261171e-09
228 1.484104e-09
229 9.971107e-10
230 6.801735e-10
231 4.631916e-10
232 3.091665e-10
233 1.991829e-10
234 1.225626e-10
235 0.000000e+00
236 0.000000e+00
237 0.000000e+00
238 0.000000e+00
239 0.000000e+00
240 3.259008e-08
241 2.605957e-08
242 1.963010e-08
243 1.414182e-08
244 9.822422e-09
245 6.504194e-09
246 4.158217e-09
247 2.672976e-09
248 1.736203e-09
249 1.154094e-09
250 7.809340e-10
251 5.303841e-10
252 3.552044e-10
253 2.308653e-10
254 1.439434e-10
255 0.000000e+00
256 0.000000e+00
257 0.000000e+00
258 0.000000e+00
259 0.000000e+00
260 3.997313e-08
261 3.266633e-08
262 2.503319e-08
263 1.825334e-08
264 1.283198e-08
265 8.622592e-09
266 5.525227e-09
267 3.530310e-09
268 2.269899e-09
269 1.491541e-09
270 1.000568e-09
271 6.777700e-10
272 4.557796e-10
273 2.991935e-10
274 1.892230e-10
275 0.000000e+00
276 0.000000e+00
277 0.000000e+00
278 0.000000e+00
279 0.000000e+00
280 5.325081e-08
281 4.528367e-08
282 3.602627e-08
283 2.701417e-08
284 1.938920e-08
285 1.339024e-08
286 8.791723e-09
287 5.579720e-09
288 3.549041e-09
289 2.277777e-09
290 1.492698e-09
291 9.951811e-10
292 6.665018e-10
293 4.411400e-10
294 2.843190e-10
295 0.000000e+00
296 0.000000e+00
297 0.000000e+00
298 0.000000e+00
299 0.000000e+00
300 8.159280e-07
301 6.449796e-07
302 4.878015e-07
303 3.655451e-07
304 2.453714e-07
305 1.545564e-07
306 9.708935e-08
307 6.110735e-08
308 0.000000e+00
309 0.000000e+00
310 0.000000e+00
311 0.000000e+00
312 0.000000e+00
313 0.000000e+00
314 0.000000e+00
315 0.000000e+00
316 0.000000e+00
317 0.000000e+00
318 0.000000e+00
319 0.000000e+00
320 1.017797e-06
321 8.079262e-07
322 6.109980e-07
323 4.587784e-07
324 3.100289e-07
325 1.949764e-07
326 1.226609e-07
327 7.706579e-08
328 0.000000e+00
329 0.000000e+00
330 0.000000e+00
331 0.000000e+00
332 0.000000e+00
333 0.000000e+00
334 0.000000e+00
335 0.000000e+00
336 0.000000e+00
337 0.000000e+00
338 0.000000e+00
339 0.000000e+00
340 1.205150e-06
341 9.591529e-07
342 7.253325e-07
343 5.453053e-07
344 3.700350e-07
345 2.324875e-07
346 1.463917e-07
347 9.187601e-08
348 0.000000e+00
349 0.000000e+00
350 0.000000e+00
351 0.000000e+00
352 0.000000e+00
353 0.000000e+00
354 0.000000e+00
355 0.000000e+00
356 0.000000e+00
357 0.000000e+00
358 0.000000e+00
359 0.000000e+00
360 5.315305e-07
361 4.885779e-07
362 3.939170e-07
363 2.952160e-07
364 2.270419e-07
365 1.560603e-07
366 9.719638e-08
367 6.024123e-08
368 3.709674e-08
369 0.000000e+00
370 0.000000e+00
371 0.000000e+00
372 0.000000e+00
373 0.000000e+00
374 0.000000e+00
375 0.000000e+00
376 0.000000e+00
377 0.000000e+00
378 0.000000e+00
379 0.000000e+00
380 7.497037e-07
381 6.920232e-07
382 5.602084e-07
383 4.200778e-07
384 3.227844e-07
385 2.236025e-07
386 1.387990e-07
387 8.629274e-08
388 5.307858e-08
389 0.000000e+00
390 0.000000e+00
391 0.000000e+00
392 0.000000e+00
393 0.000000e+00
394 0.000000e+00
395 0.000000e+00
396 0.000000e+00
397 0.000000e+00
398 0.000000e+00
399 0.000000e+00
400 4.359277e-07
401 4.423265e-07
402 3.986917e-07
403 3.144391e-07
404 2.345661e-07
405 1.818051e-07
406 1.186299e-07
407 7.543621e-08
408 4.510990e-08
409 2.738740e-08
410 0.000000e+00
411 0.000000e+00
412 0.000000e+00
413 0.000000e+00
414 0.000000e+00
415 0.000000e+00
416 0.000000e+00
417 0.000000e+00
418 0.000000e+00
419 0.000000e+00
420 2.460623e-07
421 2.630478e-07
422 2.551378e-07
423 2.165479e-07
424 1.637607e-07
425 1.240737e-07
426 9.342972e-08
427 5.546059e-08
428 3.556980e-08
429 2.120254e-08
430 0.000000e+00
431 0.000000e+00
432 0.000000e+00
433 0.000000e+00
434 0.000000e+00
435 0.000000e+00
436 0.000000e+00
437 0.000000e+00
438 0.000000e+00
439 0.000000e+00
440 6.423825e-05
441 5.093164e-05
442 3.834625e-05
443 2.922223e-05
444 1.961752e-05
445 1.236760e-05
446 7.726178e-06
447 4.852358e-06
448 0.000000e+00
449 0.000000e+00
450 0.000000e+00
451 0.000000e+00
452 0.000000e+00
453 0.000000e+00
454 0.000000e+00
455 0.000000e+00
456 0.000000e+00
457 0.000000e+00
458 0.000000e+00
459 0.000000e+00
460 3.494620e-05
461 3.240381e-05
462 2.626210e-05
463 1.962695e-05
464 1.513459e-05
465 1.053882e-05
466 6.511318e-06
467 4.024798e-06
468 2.481627e-06
469 0.000000e+00
470 0.000000e+00
471 0.000000e+00
472 0.000000e+00
473 0.000000e+00
474 0.000000e+00
475 0.000000e+00
476 0.000000e+00
477 0.000000e+00
478 0.000000e+00
479 0.000000e+00
480 2.197774e-05
481 2.238100e-05
482 2.025520e-05
483 1.599992e-05
484 1.190974e-05
485 9.264609e-06
486 6.060681e-06
487 3.865554e-06
488 2.297657e-06
489 1.396810e-06
490 0.000000e+00
491 0.000000e+00
492 0.000000e+00
493 0.000000e+00
494 0.000000e+00
495 0.000000e+00
496 0.000000e+00
497 0.000000e+00
498 0.000000e+00
499 0.000000e+00
500 1.558340e-05
501 1.670831e-05
502 1.627215e-05
503 1.386822e-05
504 1.049640e-05
505 7.936054e-06
506 6.025167e-06
507 3.553492e-06
508 2.298414e-06
509 1.368156e-06
510 0.000000e+00
511 0.000000e+00
512 0.000000e+00
513 0.000000e+00
514 0.000000e+00
515 0.000000e+00
516 0.000000e+00
517 0.000000e+00
518 0.000000e+00
519 0.000000e+00
520 1.201356e-05
521 1.330097e-05
522 1.357353e-05
523 1.229774e-05
524 9.702723e-06
525 7.210585e-06
526 5.627589e-06
527 3.649252e-06
528 2.331970e-06
529 1.354563e-06
530 8.044995e-07
531 0.000000e+00
532 0.000000e+00
533 0.000000e+00
534 0.000000e+00
535 0.000000e+00
536 0.000000e+00
537 0.000000e+00
538 0.000000e+00
539 0.000000e+00
540 6.567915e+03
541 3.011662e+03
542 1.298958e+03
543 4.599047e+02
544 9.054683e+01
545 9.438942e+03
546 3.931948e+03
547 1.509797e+03
548 4.587280e+02
549 7.312548e+01
550 8.775993e+03
551 3.279941e+03
552 1.106261e+03
553 2.841466e+02
554 3.602026e+01
555 3.102188e-08
556 2.121981e-08
557 1.395650e-08
558 8.807868e-09
559 5.420185e-09
560 3.769201e-08
561 2.550298e-08
562 1.638495e-08
563 1.022949e-08
564 6.193047e-09
565 4.567066e-08
566 3.027946e-08
567 1.911592e-08
568 1.178244e-08
569 7.030065e-09
570 5.571379e-08
571 3.598355e-08
572 2.243923e-08
573 1.358302e-08
574 8.004182e-09
575 6.841505e-08
576 4.313452e-08
577 2.649664e-08
578 1.577470e-08
579 9.166976e-09
580 3.757054e-08
581 2.572351e-08
582 1.694175e-08
583 1.069701e-08
584 6.588108e-09
585 4.565463e-08
586 3.093651e-08
587 1.989279e-08
588 1.242887e-08
589 7.529332e-09
590 5.533587e-08
591 3.674925e-08
592 2.321349e-08
593 1.432048e-08
594 8.549112e-09
595 6.755163e-08
596 4.368358e-08
597 2.725971e-08
598 1.651263e-08
599 9.736124e-09
600 8.301587e-08
601 5.237795e-08
602 3.219970e-08
603 1.918284e-08
604 1.115303e-08
605 4.365681e-08
606 2.990414e-08
607 1.971287e-08
608 1.245064e-08
609 7.672251e-09
610 5.304606e-08
611 3.598028e-08
612 2.314899e-08
613 1.447048e-08
614 8.769759e-09
615 6.430776e-08
616 4.275494e-08
617 2.701712e-08
618 1.667646e-08
619 9.959191e-09
620 7.854030e-08
621 5.083126e-08
622 3.173440e-08
623 1.923209e-08
624 1.134382e-08
625 9.656932e-08
626 6.095830e-08
627 3.749366e-08
628 2.234649e-08
629 1.299661e-08
630 3.045632e-08
631 2.029925e-08
632 1.383050e-08
633 9.224069e-09
634 5.797348e-09
635 3.654138e-08
636 2.437138e-08
637 1.668330e-08
638 1.078952e-08
639 6.724033e-09
640 4.352559e-08
641 2.937296e-08
642 1.985429e-08
643 1.252675e-08
644 7.734930e-09
645 5.248550e-08
646 3.586844e-08
647 2.353035e-08
648 1.465305e-08
649 8.888306e-09
650 6.488271e-08
651 4.421298e-08
652 2.803847e-08
653 1.725508e-08
654 1.029514e-08
655 4.152805e-08
656 2.767901e-08
657 1.884107e-08
658 1.258321e-08
659 7.911071e-09
660 4.983683e-08
661 3.320805e-08
662 2.273302e-08
663 1.472271e-08
664 9.177419e-09
665 5.935002e-08
666 3.999902e-08
667 2.707115e-08
668 1.709435e-08
669 1.055879e-08
670 7.151838e-08
671 4.884244e-08
672 3.210458e-08
673 1.999543e-08
674 1.213448e-08
675 8.833496e-08
676 6.025554e-08
677 3.826204e-08
678 2.354729e-08
679 1.405742e-08
680 3.478884e-08
681 2.435503e-08
682 1.587067e-08
683 1.072650e-08
684 7.083785e-09
685 4.274330e-08
686 2.884329e-08
687 1.885349e-08
688 1.286264e-08
689 8.171767e-09
690 5.155242e-08
691 3.385037e-08
692 2.252025e-08
693 1.515625e-08
694 9.361422e-09
695 6.183994e-08
696 4.012249e-08
697 2.724784e-08
698 1.768224e-08
699 1.084871e-08
700 7.439869e-08
701 4.875351e-08
702 3.321836e-08
703 2.072037e-08
704 1.269239e-08
