0 6.567915e+03
1 3.011662e+03
2 1.298958e+03
3 4.599047e+02
4 9.054683e+01
5 9.438942e+03
6 3.931948e+03
7 1.509797e+03
8 4.587280e+02
9 7.312548e+01
10 8.775993e+03
11 3.279941e+03
12 1.106261e+03
13 2.841466e+02
14 3.602026e+01
15 6.344051e+03
16 2.107830e+03
17 6.187439e+02
18 1.331268e+02
19 1.328767e+01
20 2.448517e-08
21 1.673442e-08
22 1.098330e-08
23 6.924398e-09
24 4.255761e-09
25 2.976216e-08
26 2.009132e-08
27 1.289106e-08
28 8.036692e-09
29 4.860742e-09
30 3.604421e-08
31 2.383551e-08
32 1.503440e-08
33 9.251955e-09
34 5.515523e-09
35 4.392264e-08
36 2.831384e-08
37 1.763296e-08
38 1.066205e-08
39 6.277356e-09
40 5.387130e-08
41 3.392690e-08
42 2.081025e-08
43 1.237658e-08
44 7.186777e-09
45 3.457613e-08
46 2.366607e-08
47 1.557765e-08
48 9.833555e-09
49 6.054204e-09
50 4.201736e-08
51 2.845390e-08
52 1.828964e-08
53 1.142351e-08
54 6.918409e-09
55 5.092003e-08
56 3.379269e-08
57 2.134054e-08
58 1.316019e-08
59 7.854579e-09
60 6.214206e-08
61 4.016414e-08
62 2.505603e-08
63 1.517319e-08
64 8.944191e-09
65 7.634229e-08
66 4.815238e-08
67 2.959224e-08
68 1.762447e-08
69 1.024485e-08
70 4.071344e-08
71 2.788169e-08
72 1.837193e-08
73 1.160181e-08
74 7.147383e-09
75 4.947069e-08
76 3.353984e-08
77 2.157303e-08
78 1.348214e-08
79 8.169169e-09
80 5.996696e-08
81 3.984854e-08
82 2.517590e-08
83 1.553580e-08
84 9.276398e-09
85 7.322252e-08
86 4.737145e-08
87 2.956801e-08
88 1.791529e-08
89 1.056527e-08
90 9.000881e-08
91 5.680425e-08
92 3.493029e-08
93 2.081445e-08
94 1.210377e-08
95 4.594648e-08
96 3.147620e-08
97 2.075450e-08
98 1.310954e-08
99 8.079498e-09
100 5.582586e-08
101 3.787643e-08
102 2.437265e-08
103 1.523746e-08
104 9.235647e-09
105 6.768093e-08
106 4.501214e-08
107 2.844616e-08
108 1.756140e-08
109 1.048874e-08
110 8.267041e-08
111 5.351686e-08
112 3.341521e-08
113 2.025338e-08
114 1.194751e-08
115 1.016617e-07
116 6.418139e-08
117 3.948184e-08
118 2.353443e-08
119 1.368882e-08
120 2.502664e-08
121 1.668007e-08
122 1.137306e-08
123 7.576662e-09
124 4.760730e-09
125 3.002118e-08
126 2.003752e-08
127 1.371621e-08
128 8.860602e-09
129 5.520833e-09
130 3.576502e-08
131 2.416137e-08
132 1.631485e-08
133 1.028669e-08
134 6.350045e-09
135 4.315105e-08
136 2.950517e-08
137 1.932533e-08
138 1.203299e-08
139 7.296316e-09
140 5.338048e-08
141 3.634476e-08
142 2.302459e-08
143 1.416920e-08
144 8.450046e-09
145 3.618789e-08
146 2.411946e-08
147 1.642420e-08
148 1.096283e-08
149 6.891416e-09
150 4.342397e-08
151 2.894574e-08
152 1.981485e-08
153 1.282538e-08
154 7.993890e-09
155 5.171726e-08
156 3.487347e-08
157 2.358989e-08
158 1.489096e-08
159 9.196540e-09
160 6.233804e-08
161 4.258419e-08
162 2.796845e-08
163 1.741824e-08
164 1.056850e-08
165 7.702261e-08
166 5.251694e-08
167 3.333023e-08
168 2.051188e-08
169 1.224245e-08
170 4.570859e-08
171 3.046536e-08
172 2.073272e-08
173 1.385137e-08
174 8.709013e-09
175 5.485687e-08
176 3.654434e-08
177 2.501696e-08
178 1.620755e-08
179 1.010356e-08
180 6.532480e-08
181 4.401054e-08
182 2.979566e-08
183 1.881865e-08
184 1.162477e-08
185 7.870433e-08
186 5.374017e-08
187 3.534145e-08
188 2.201216e-08
189 1.335986e-08
190 9.718828e-08
191 6.631178e-08
192 4.212151e-08
193 2.592255e-08
194 1.547759e-08
195 2.711007e-08
196 1.895947e-08
197 1.235573e-08
198 8.356347e-09
199 5.514092e-09
200 3.329759e-08
201 2.245151e-08
202 1.468447e-08
203 1.001992e-08
204 6.360795e-09
205 4.014800e-08
206 2.635357e-08
207 1.754849e-08
208 1.180319e-08
209 7.287245e-09
210 4.815000e-08
211 3.125139e-08
212 2.123650e-08
213 1.376565e-08
214 8.445119e-09
215 5.792939e-08
216 3.799818e-08
217 2.588059e-08
218 1.612896e-08
219 9.880047e-09
220 4.080050e-08
221 2.857918e-08
222 1.862231e-08
223 1.258177e-08
224 8.312502e-09
225 5.013819e-08
226 3.384728e-08
227 2.211700e-08
228 1.508778e-08
229 9.589349e-09
230 6.048065e-08
231 3.971932e-08
232 2.641196e-08
233 1.778086e-08
234 1.098498e-08
235 7.255735e-08
236 4.706700e-08
237 3.195307e-08
238 2.074804e-08
239 1.273002e-08
240 8.729197e-08
241 5.717260e-08
242 3.896174e-08
243 2.431434e-08
244 1.489363e-08
245 1.599401e-08
246 1.198630e-08
247 8.016306e-09
248 5.127718e-09
249 3.472895e-09
250 2.003450e-08
251 1.440008e-08
252 9.316218e-09
253 6.075573e-09
254 4.102162e-09
255 2.465773e-08
256 1.697138e-08
257 1.079700e-08
258 7.242800e-09
259 4.747902e-09
260 3.016576e-08
261 1.989596e-08
262 1.273042e-08
263 8.695655e-09
264 5.440080e-09
265 3.684528e-08
266 2.349536e-08
267 1.548666e-08
268 1.041120e-08
269 6.254839e-09
270 3.276437e-08
271 2.460431e-08
272 1.648300e-08
273 1.053076e-08
274 7.129540e-09
275 4.106767e-08
276 2.958086e-08
277 1.915657e-08
278 1.246674e-08
279 8.430748e-09
280 5.058033e-08
281 3.488393e-08
282 2.218997e-08
283 1.485604e-08
284 9.765014e-09
285 6.192757e-08
286 4.090728e-08
287 2.613363e-08
288 1.784134e-08
289 1.118461e-08
290 7.570296e-08
291 4.829069e-08
292 3.174456e-08
293 2.137939e-08
294 1.284648e-08
