0 6.567915e+03
1 3.011662e+03
2 1.298958e+03
3 4.599047e+02
4 9.054683e+01
5 9.438942e+03
6 3.931948e+03
7 1.509797e+03
8 4.587280e+02
9 7.312548e+01
10 8.775993e+03
11 3.279941e+03
12 1.106261e+03
13 2.841466e+02
14 3.602026e+01
15 2.789465e-08
16 1.907686e-08
17 1.253283e-08
18 7.906943e-09
19 4.863208e-09
20 3.390361e-08
21 2.291748e-08
22 1.471208e-08
23 9.180614e-09
24 5.555781e-09
25 4.107193e-08
26 2.719403e-08
27 1.716180e-08
28 1.057206e-08
29 6.305641e-09
30 5.008100e-08
31 3.231143e-08
32 2.014036e-08
33 1.218590e-08
34 7.178231e-09
35 6.145194e-08
36 3.872637e-08
37 2.377688e-08
38 1.414939e-08
39 8.219841e-09
40 3.573848e-08
41 2.446508e-08
42 1.610761e-08
43 1.016914e-08
44 6.261764e-09
45 4.342970e-08
46 2.941826e-08
47 1.891262e-08
48 1.181431e-08
49 7.155943e-09
50 5.263520e-08
51 3.494145e-08
52 2.206853e-08
53 1.361129e-08
54 8.124656e-09
55 6.424388e-08
56 4.153202e-08
57 2.591276e-08
58 1.569403e-08
59 9.252179e-09
60 7.893608e-08
61 4.979513e-08
62 3.060614e-08
63 1.823052e-08
64 1.059808e-08
65 4.284765e-08
66 2.934833e-08
67 1.934445e-08
68 1.221750e-08
69 7.528116e-09
70 5.206338e-08
71 3.530972e-08
72 2.271609e-08
73 1.419905e-08
74 8.604847e-09
75 6.311496e-08
76 4.195650e-08
77 2.651143e-08
78 1.636323e-08
79 9.771724e-09
80 7.707937e-08
81 4.988099e-08
82 3.113950e-08
83 1.887054e-08
84 1.113008e-08
85 9.476741e-08
86 5.981756e-08
87 3.678984e-08
88 2.192589e-08
89 1.275151e-08
90 2.712448e-08
91 1.807844e-08
92 1.232262e-08
93 8.213217e-09
94 5.161284e-09
95 3.254038e-08
96 2.171208e-08
97 1.486272e-08
98 9.605932e-09
99 5.985761e-09
100 3.876352e-08
101 2.617516e-08
102 1.768251e-08
103 1.115226e-08
104 6.885180e-09
105 4.675778e-08
106 3.196405e-08
107 2.095016e-08
108 1.304541e-08
109 7.911479e-09
110 5.782502e-08
111 3.938518e-08
112 2.496197e-08
113 1.536162e-08
114 9.163022e-09
115 4.005600e-08
116 2.669782e-08
117 1.817494e-08
118 1.213660e-08
119 7.630045e-09
120 4.806912e-08
121 3.203326e-08
122 2.192872e-08
123 1.419978e-08
124 8.851236e-09
125 5.724606e-08
126 3.858635e-08
127 2.611163e-08
128 1.648708e-08
129 1.018335e-08
130 6.898807e-08
131 4.711762e-08
132 3.096460e-08
133 1.928515e-08
134 1.170289e-08
135 8.521712e-08
136 5.812269e-08
137 3.690279e-08
138 2.271072e-08
139 1.355722e-08
140 3.267214e-08
141 2.286771e-08
142 1.490178e-08
143 1.007319e-08
144 6.651111e-09
145 4.013955e-08
146 2.708137e-08
147 1.770432e-08
148 1.207908e-08
149 7.672588e-09
150 4.840875e-08
151 3.178387e-08
152 2.114984e-08
153 1.423201e-08
154 8.789699e-09
155 5.806627e-08
156 3.767719e-08
157 2.559090e-08
158 1.660267e-08
159 1.018620e-08
160 6.985888e-08
161 4.578888e-08
162 3.119581e-08
163 1.945480e-08
164 1.191721e-08
