0 6.567915e+03
1 3.011662e+03
2 1.298958e+03
3 4.599047e+02
4 9.054683e+01
5 9.438942e+03
6 3.931948e+03
7 1.509797e+03
8 4.587280e+02
9 7.312548e+01
10 8.775993e+03
11 3.279941e+03
12 1.106261e+03
13 2.841466e+02
14 3.602026e+01
15 6.344051e+03
16 2.107830e+03
17 6.187439e+02
18 1.331268e+02
19 1.328767e+01
20 2.426617e-08
21 1.658483e-08
22 1.088680e-08
23 6.863827e-09
24 4.218881e-09
25 2.949473e-08
26 1.991298e-08
27 1.277800e-08
28 7.966749e-09
29 4.818719e-09
30 3.572026e-08
31 2.362541e-08
32 1.490279e-08
33 9.171730e-09
34 5.467973e-09
35 4.353026e-08
36 2.806536e-08
37 1.747915e-08
38 1.056980e-08
39 6.223389e-09
40 5.339517e-08
41 3.362984e-08
42 2.062934e-08
43 1.226985e-08
44 7.125146e-09
45 3.398805e-08
46 2.326212e-08
47 1.530992e-08
48 9.664135e-09
49 5.949468e-09
50 4.130316e-08
51 2.796657e-08
52 1.797505e-08
53 1.122627e-08
54 6.798577e-09
55 5.005312e-08
56 3.321244e-08
57 2.097306e-08
58 1.293259e-08
59 7.718359e-09
60 6.108032e-08
61 3.947359e-08
62 2.462374e-08
63 1.491047e-08
64 8.788883e-09
65 7.503281e-08
66 4.732343e-08
67 2.908081e-08
68 1.731885e-08
69 1.006676e-08
70 4.023889e-08
71 2.755574e-08
72 1.815587e-08
73 1.146509e-08
74 7.062858e-09
75 4.889439e-08
76 3.314659e-08
77 2.131915e-08
78 1.332297e-08
79 8.072460e-09
80 5.926744e-08
81 3.938030e-08
82 2.487934e-08
83 1.535212e-08
84 9.166462e-09
85 7.236577e-08
86 4.681418e-08
87 2.921914e-08
88 1.770327e-08
89 1.043993e-08
90 8.895210e-08
91 5.613528e-08
92 3.451755e-08
93 2.056780e-08
94 1.196004e-08
95 4.560421e-08
96 3.124110e-08
97 2.059866e-08
98 1.301093e-08
99 8.018531e-09
100 5.541020e-08
101 3.759279e-08
102 2.418954e-08
103 1.512265e-08
104 9.165892e-09
105 6.717640e-08
106 4.467441e-08
107 2.823227e-08
108 1.742891e-08
109 1.040944e-08
110 8.205247e-08
111 5.311492e-08
112 3.316358e-08
113 2.010046e-08
114 1.185711e-08
115 1.008996e-07
116 6.369887e-08
117 3.918414e-08
118 2.335653e-08
119 1.358514e-08
120 2.414528e-08
121 1.609287e-08
122 1.097335e-08
123 7.309545e-09
124 4.592832e-09
125 2.896352e-08
126 1.933318e-08
127 1.323380e-08
128 8.548132e-09
129 5.326016e-09
130 3.450579e-08
131 2.331309e-08
132 1.574029e-08
133 9.923911e-09
134 6.125875e-09
135 4.163434e-08
136 2.846918e-08
137 1.864396e-08
138 1.160855e-08
139 7.038701e-09
140 5.150787e-08
141 3.506617e-08
142 2.221257e-08
143 1.366929e-08
144 8.151595e-09
145 3.532466e-08
146 2.354409e-08
147 1.603353e-08
148 1.070094e-08
149 6.726626e-09
150 4.238738e-08
151 2.825676e-08
152 1.934317e-08
153 1.251874e-08
154 7.802618e-09
155 5.048350e-08
156 3.404498e-08
157 2.302723e-08
158 1.453486e-08
159 8.976375e-09
160 6.085409e-08
161 4.157264e-08
162 2.729998e-08
163 1.700174e-08
164 1.031540e-08
165 7.519410e-08
166 5.126616e-08
167 3.253318e-08
168 2.002133e-08
169 1.194911e-08
170 4.508625e-08
171 3.005055e-08
172 2.045107e-08
173 1.366256e-08
174 8.590206e-09
175 5.410954e-08
176 3.604763e-08
177 2.467691e-08
178 1.598648e-08
179 9.965663e-09
180 6.443532e-08
181 4.341326e-08
182 2.939001e-08
183 1.856192e-08
184 1.146605e-08
185 7.763449e-08
186 5.301091e-08
187 3.485951e-08
188 2.171188e-08
189 1.317741e-08
190 9.587005e-08
191 6.541004e-08
192 4.154687e-08
193 2.556888e-08
194 1.526613e-08
195 2.591024e-08
196 1.811699e-08
197 1.180690e-08
198 7.986110e-09
199 5.269010e-09
200 3.182199e-08
201 2.145355e-08
202 1.403334e-08
203 9.575867e-09
204 6.078060e-09
205 3.836677e-08
206 2.518298e-08
207 1.677175e-08
208 1.127952e-08
209 6.963417e-09
210 4.601211e-08
211 2.986583e-08
212 2.029724e-08
213 1.315411e-08
214 8.069855e-09
215 5.535754e-08
216 3.631769e-08
217 2.473433e-08
218 1.541214e-08
219 9.440961e-09
220 3.990561e-08
221 2.795038e-08
222 1.821269e-08
223 1.230557e-08
224 8.129581e-09
225 4.903738e-08
226 3.310238e-08
227 2.163117e-08
228 1.475651e-08
229 9.378311e-09
230 5.915158e-08
231 3.884565e-08
232 2.583259e-08
233 1.739012e-08
234 1.074327e-08
235 7.096194e-08
236 4.603320e-08
237 3.125257e-08
238 2.029163e-08
239 1.244993e-08
240 8.537265e-08
241 5.591925e-08
242 3.810668e-08
243 2.377929e-08
244 1.456591e-08
245 1.503364e-08
246 1.126702e-08
247 7.535510e-09
248 4.820117e-09
249 3.264488e-09
250 1.883173e-08
251 1.353615e-08
252 8.757490e-09
253 5.710998e-09
254 3.856070e-09
255 2.317770e-08
256 1.595337e-08
257 1.014938e-08
258 6.808055e-09
259 4.463142e-09
260 2.835555e-08
261 1.870265e-08
262 1.196658e-08
263 8.173631e-09
264 5.113787e-09
265 3.463479e-08
266 2.208605e-08
267 1.455696e-08
268 9.786301e-09
269 5.879560e-09
270 3.166466e-08
271 2.377685e-08
272 1.592774e-08
273 1.017644e-08
274 6.889744e-09
275 3.968841e-08
276 2.858532e-08
277 1.851123e-08
278 1.204762e-08
279 8.146880e-09
280 4.888040e-08
281 3.370922e-08
282 2.144282e-08
283 1.435679e-08
284 9.435986e-09
285 5.984469e-08
286 3.952934e-08
287 2.525467e-08
288 1.724159e-08
289 1.080788e-08
290 7.315469e-08
291 4.666461e-08
292 3.067844e-08
293 2.066011e-08
294 1.241420e-08
