0 6.567915e+03
1 3.011662e+03
2 1.298958e+03
3 4.599047e+02
4 9.054683e+01
5 9.438942e+03
6 3.931948e+03
7 1.509797e+03
8 4.587280e+02
9 7.312548e+01
10 8.775993e+03
11 3.279941e+03
12 1.106261e+03
13 2.841466e+02
14 3.602026e+01
15 2.680960e-08
16 1.833174e-08
17 1.203998e-08
18 7.595227e-09
19 4.670703e-09
20 3.258526e-08
21 2.201927e-08
22 1.413308e-08
23 8.817918e-09
24 5.335587e-09
25 3.947179e-08
26 2.612551e-08
27 1.648563e-08
28 1.015369e-08
29 6.055412e-09
30 4.812269e-08
31 3.104038e-08
32 1.934522e-08
33 1.170312e-08
34 6.893022e-09
35 5.903982e-08
36 3.720097e-08
37 2.283654e-08
38 1.358795e-08
39 7.892877e-09
40 3.476805e-08
41 2.379849e-08
42 1.566577e-08
43 9.889538e-09
44 6.088906e-09
45 4.225116e-08
46 2.861406e-08
47 1.839344e-08
48 1.148880e-08
49 6.958168e-09
50 5.120466e-08
51 3.398388e-08
52 2.146207e-08
53 1.323565e-08
54 7.899832e-09
55 6.249178e-08
56 4.039237e-08
57 2.519930e-08
58 1.526044e-08
59 8.995847e-09
60 7.677505e-08
61 4.842705e-08
62 2.976206e-08
63 1.772611e-08
64 1.030414e-08
65 4.224457e-08
66 2.893408e-08
67 1.906986e-08
68 1.204373e-08
69 7.420689e-09
70 5.133096e-08
71 3.480994e-08
72 2.239343e-08
73 1.399675e-08
74 8.481934e-09
75 6.222594e-08
76 4.136140e-08
77 2.613453e-08
78 1.612978e-08
79 9.632000e-09
80 7.599051e-08
81 4.917273e-08
82 3.069610e-08
83 1.860107e-08
84 1.097078e-08
85 9.342441e-08
86 5.896733e-08
87 3.626526e-08
88 2.161240e-08
89 1.256883e-08
90 2.546487e-08
91 1.697241e-08
92 1.157104e-08
93 7.709872e-09
94 4.844675e-09
95 3.054790e-08
96 2.038696e-08
97 1.395538e-08
98 9.016758e-09
99 5.618310e-09
100 3.639181e-08
101 2.458091e-08
102 1.660069e-08
103 1.046811e-08
104 6.462281e-09
105 4.390388e-08
106 3.001735e-08
107 1.966566e-08
108 1.224513e-08
109 7.425387e-09
110 5.430621e-08
111 3.697951e-08
112 2.343065e-08
113 1.441906e-08
114 8.599723e-09
115 3.895871e-08
116 2.596645e-08
117 1.767837e-08
118 1.180367e-08
119 7.420551e-09
120 4.675136e-08
121 3.115750e-08
122 2.132916e-08
123 1.380995e-08
124 8.608078e-09
125 5.567774e-08
126 3.753325e-08
127 2.539634e-08
128 1.603437e-08
129 9.903476e-09
130 6.710181e-08
131 4.583183e-08
132 3.011479e-08
133 1.875566e-08
134 1.138116e-08
135 8.289288e-08
136 5.653279e-08
137 3.588951e-08
138 2.208709e-08
139 1.318434e-08
140 3.110644e-08
141 2.176774e-08
142 1.418522e-08
143 9.589970e-09
144 6.331121e-09
145 3.821368e-08
146 2.577833e-08
147 1.685437e-08
148 1.149951e-08
149 7.303417e-09
150 4.608363e-08
151 3.025554e-08
152 2.013617e-08
153 1.354843e-08
154 8.366877e-09
155 5.527529e-08
156 3.586860e-08
157 2.436526e-08
158 1.580424e-08
159 9.696233e-09
160 6.650130e-08
161 4.359597e-08
162 2.969981e-08
163 1.851884e-08
164 1.134391e-08
