0 6.567915e+03
1 3.011662e+03
2 1.298958e+03
3 4.599047e+02
4 9.054683e+01
5 9.438942e+03
6 3.931948e+03
7 1.509797e+03
8 4.587280e+02
9 7.312548e+01
10 8.775993e+03
11 3.279941e+03
12 1.106261e+03
13 2.841466e+02
14 3.602026e+01
15 2.782332e-08
16 1.902808e-08
17 1.250079e-08
18 7.886724e-09
19 4.850772e-09
20 3.381692e-08
21 2.285888e-08
22 1.467446e-08
23 9.157138e-09
24 5.541574e-09
25 4.096691e-08
26 2.712449e-08
27 1.711792e-08
28 1.054503e-08
29 6.289517e-09
30 4.995294e-08
31 3.222880e-08
32 2.008886e-08
33 1.215474e-08
34 7.159876e-09
35 6.129480e-08
36 3.862734e-08
37 2.371608e-08
38 1.411320e-08
39 8.198822e-09
40 3.569934e-08
41 2.443828e-08
42 1.608996e-08
43 1.015800e-08
44 6.254905e-09
45 4.338213e-08
46 2.938604e-08
47 1.889191e-08
48 1.180137e-08
49 7.148106e-09
50 5.257755e-08
51 3.490318e-08
52 2.204436e-08
53 1.359639e-08
54 8.115757e-09
55 6.417352e-08
56 4.148653e-08
57 2.588438e-08
58 1.567684e-08
59 9.242046e-09
60 7.884962e-08
61 4.974059e-08
62 3.057262e-08
63 1.821056e-08
64 1.058647e-08
65 4.310474e-08
66 2.952442e-08
67 1.946052e-08
68 1.229080e-08
69 7.573285e-09
70 5.237576e-08
71 3.552158e-08
72 2.285238e-08
73 1.428425e-08
74 8.656476e-09
75 6.349365e-08
76 4.220824e-08
77 2.667050e-08
78 1.646141e-08
79 9.830354e-09
80 7.754185e-08
81 5.018027e-08
82 3.132633e-08
83 1.898376e-08
84 1.119686e-08
85 9.533602e-08
86 6.017646e-08
87 3.701058e-08
88 2.205744e-08
89 1.282802e-08
90 2.709477e-08
91 1.805864e-08
92 1.230913e-08
93 8.204222e-09
94 5.155631e-09
95 3.250474e-08
96 2.168830e-08
97 1.484644e-08
98 9.595411e-09
99 5.979205e-09
100 3.872106e-08
101 2.614649e-08
102 1.766315e-08
103 1.114005e-08
104 6.877639e-09
105 4.670656e-08
106 3.192904e-08
107 2.092722e-08
108 1.303112e-08
109 7.902814e-09
110 5.776169e-08
111 3.934205e-08
112 2.493463e-08
113 1.534480e-08
114 9.152987e-09
115 4.029633e-08
116 2.685801e-08
117 1.828399e-08
118 1.220942e-08
119 7.675825e-09
120 4.835754e-08
121 3.222546e-08
122 2.206029e-08
123 1.428497e-08
124 8.904343e-09
125 5.758954e-08
126 3.881787e-08
127 2.626830e-08
128 1.658600e-08
129 1.024445e-08
130 6.940200e-08
131 4.740033e-08
132 3.115039e-08
133 1.940086e-08
134 1.177311e-08
135 8.572843e-08
136 5.847142e-08
137 3.712421e-08
138 2.284698e-08
139 1.363857e-08
140 3.286817e-08
141 2.300492e-08
142 1.499119e-08
143 1.013363e-08
144 6.691018e-09
145 4.038039e-08
146 2.724386e-08
147 1.781054e-08
148 1.215155e-08
149 7.718623e-09
150 4.869920e-08
151 3.197457e-08
152 2.127674e-08
153 1.431741e-08
154 8.842437e-09
155 5.841467e-08
156 3.790325e-08
157 2.574445e-08
158 1.670228e-08
159 1.024732e-08
160 7.027803e-08
161 4.606361e-08
162 3.138299e-08
163 1.957153e-08
164 1.198871e-08
