0 6.567915e+03
1 3.011662e+03
2 1.298958e+03
3 4.599047e+02
4 9.054683e+01
5 9.438942e+03
6 3.931948e+03
7 1.509797e+03
8 4.587280e+02
9 7.312548e+01
10 8.775993e+03
11 3.279941e+03
12 1.106261e+03
13 2.841466e+02
14 3.602026e+01
15 6.344051e+03
16 2.107830e+03
17 6.187439e+02
18 1.331268e+02
19 1.328767e+01
20 2.825736e-08
21 1.932547e-08
22 1.269733e-08
23 8.010847e-09
24 4.927367e-09
25 3.434344e-08
26 2.321130e-08
27 1.490514e-08
28 9.301488e-09
29 5.629141e-09
30 4.160504e-08
31 2.755033e-08
32 1.738707e-08
33 1.071144e-08
34 6.388987e-09
35 5.072027e-08
36 3.273488e-08
37 2.040512e-08
38 1.234666e-08
39 7.273206e-09
40 6.225485e-08
41 3.923409e-08
42 2.408984e-08
43 1.433628e-08
44 8.328707e-09
45 3.661340e-08
46 2.506544e-08
47 1.650521e-08
48 1.042053e-08
49 6.417083e-09
50 4.449148e-08
51 3.014216e-08
52 1.937955e-08
53 1.210687e-08
54 7.333597e-09
55 5.392314e-08
56 3.580292e-08
57 2.261368e-08
58 1.394877e-08
59 8.326550e-09
60 6.582020e-08
61 4.255660e-08
62 2.655378e-08
63 1.608343e-08
64 9.482306e-09
65 8.087887e-08
66 5.102436e-08
67 3.136420e-08
68 1.868338e-08
69 1.086192e-08
70 4.189145e-08
71 2.869085e-08
72 1.890827e-08
73 1.194122e-08
74 7.357211e-09
75 5.090130e-08
76 3.451604e-08
77 2.220325e-08
78 1.387728e-08
79 8.409243e-09
80 6.170345e-08
81 4.101092e-08
82 2.591206e-08
83 1.599178e-08
84 9.549305e-09
85 7.534933e-08
86 4.875484e-08
87 3.043405e-08
88 1.844162e-08
89 1.087643e-08
90 9.263200e-08
91 5.846492e-08
92 3.595489e-08
93 2.142674e-08
94 1.246058e-08
95 4.645938e-08
96 3.182850e-08
97 2.098802e-08
98 1.325732e-08
99 8.170855e-09
100 5.644874e-08
101 3.830146e-08
102 2.464704e-08
103 1.540950e-08
104 9.340173e-09
105 6.843698e-08
106 4.551823e-08
107 2.876669e-08
108 1.775993e-08
109 1.060755e-08
110 8.359641e-08
111 5.411918e-08
112 3.379228e-08
113 2.048254e-08
114 1.208298e-08
115 1.028039e-07
116 6.490442e-08
117 3.992795e-08
118 2.380102e-08
119 1.384416e-08
120 2.872878e-08
121 1.914768e-08
122 1.304852e-08
123 8.699836e-09
124 5.467462e-09
125 3.446682e-08
126 2.299235e-08
127 1.573912e-08
128 1.017569e-08
129 6.341125e-09
130 4.105630e-08
131 2.771458e-08
132 1.872796e-08
133 1.181389e-08
134 7.294199e-09
135 4.951532e-08
136 3.384350e-08
137 2.219219e-08
138 1.381924e-08
139 8.381660e-09
140 6.122258e-08
141 4.170905e-08
142 2.644289e-08
143 1.627302e-08
144 9.707932e-09
145 3.833088e-08
146 2.554785e-08
147 1.739402e-08
148 1.161301e-08
149 7.300556e-09
150 4.599734e-08
151 3.065613e-08
152 2.098580e-08
153 1.358670e-08
154 8.468783e-09
155 5.478015e-08
156 3.693021e-08
157 2.498672e-08
158 1.577507e-08
159 9.743142e-09
160 6.602199e-08
161 4.509537e-08
162 2.962806e-08
163 1.845233e-08
164 1.119685e-08
165 8.156194e-08
166 5.562203e-08
167 3.530913e-08
168 2.172983e-08
169 1.297069e-08
170 4.664192e-08
171 3.108747e-08
172 2.115510e-08
173 1.413453e-08
174 8.887190e-09
175 5.597765e-08
176 3.728926e-08
177 2.552695e-08
178 1.653910e-08
179 1.031037e-08
180 6.665878e-08
181 4.490631e-08
182 3.040402e-08
183 1.920368e-08
184 1.186280e-08
185 8.030880e-08
186 5.483386e-08
187 3.606422e-08
188 2.246250e-08
189 1.363350e-08
190 9.916528e-08
191 6.766414e-08
192 4.298332e-08
193 2.645295e-08
194 1.579472e-08
195 3.019166e-08
196 2.112478e-08
197 1.376628e-08
198 9.307450e-09
199 6.143988e-09
200 3.708825e-08
201 2.501659e-08
202 1.635747e-08
203 1.116065e-08
204 7.087513e-09
205 4.472469e-08
206 2.936208e-08
207 1.954357e-08
208 1.314871e-08
209 8.119571e-09
210 5.364387e-08
211 3.481134e-08
212 2.364870e-08
213 1.533732e-08
214 9.409611e-09
215 6.453864e-08
216 4.231417e-08
217 2.882503e-08
218 1.797141e-08
219 1.100856e-08
220 4.214267e-08
221 2.952227e-08
222 1.923667e-08
223 1.299602e-08
224 8.586850e-09
225 5.178919e-08
226 3.496449e-08
227 2.284567e-08
228 1.558462e-08
229 9.905868e-09
230 6.247401e-08
231 4.102966e-08
232 2.728091e-08
233 1.836689e-08
234 1.134749e-08
235 7.495018e-08
236 4.861753e-08
237 3.300370e-08
238 2.143258e-08
239 1.315010e-08
240 9.017060e-08
241 5.905241e-08
242 4.024418e-08
243 2.511681e-08
244 1.538515e-08
245 1.972722e-08
246 1.479468e-08
247 9.900455e-09
248 6.330195e-09
249 4.286748e-09
250 2.471640e-08
251 1.777863e-08
252 1.150604e-08
253 7.498072e-09
254 5.065479e-09
255 3.042766e-08
256 2.095769e-08
257 1.333244e-08
258 8.937386e-09
259 5.864377e-09
260 3.723493e-08
261 2.457176e-08
262 1.571352e-08
263 1.073133e-08
264 6.718461e-09
265 4.549314e-08
266 2.901340e-08
267 1.910560e-08
268 1.285238e-08
269 7.721862e-09
270 3.441474e-08
271 2.584613e-08
272 1.731630e-08
273 1.106252e-08
274 7.489412e-09
275 4.313759e-08
276 3.107493e-08
277 2.012506e-08
278 1.309573e-08
279 8.856764e-09
280 5.313147e-08
281 3.664688e-08
282 2.331127e-08
283 1.560529e-08
284 1.025881e-08
285 6.505344e-08
286 4.297523e-08
287 2.745272e-08
288 1.874140e-08
289 1.174999e-08
290 7.952727e-08
291 5.073104e-08
292 3.334454e-08
293 2.245883e-08
294 1.349521e-08
