0 3.947904e-09
1 2.756779e-09
2 1.856871e-09
3 1.218242e-09
4 8.003613e-10
5 5.340884e-10
6 3.635082e-10
7 2.508958e-10
8 1.729503e-10
9 1.169948e-10
10 7.644290e-11
11 4.771444e-11
12 2.827983e-11
13 1.591171e-11
14 8.538761e-12
15 0.000000e+00
16 0.000000e+00
17 0.000000e+00
18 0.000000e+00
19 0.000000e+00
20 6.658880e-09
21 4.755502e-09
22 3.273697e-09
23 2.168899e-09
24 1.411074e-09
25 9.278279e-10
26 6.207454e-10
27 4.240575e-10
28 2.926272e-10
29 2.007607e-10
30 1.343555e-10
31 8.647591e-11
32 5.300242e-11
33 3.081232e-11
34 1.701207e-11
35 0.000000e+00
36 0.000000e+00
37 0.000000e+00
38 0.000000e+00
39 0.000000e+00
40 7.631598e-09
41 5.482249e-09
42 3.797032e-09
43 2.527065e-09
44 1.642069e-09
45 1.075906e-09
46 7.164400e-10
47 4.876291e-10
48 3.362226e-10
49 2.310990e-10
50 1.554721e-10
51 1.007961e-10
52 6.230927e-11
53 3.653825e-11
54 2.033591e-11
55 0.000000e+00
56 0.000000e+00
57 0.000000e+00
58 0.000000e+00
59 0.000000e+00
60 8.220071e-09
61 5.921793e-09
62 4.113495e-09
63 2.743813e-09
64 1.782474e-09
65 1.165730e-09
66 7.744378e-10
67 5.260759e-10
68 3.625672e-10
69 2.494639e-10
70 1.682440e-10
71 1.094963e-10
72 6.791149e-11
73 3.998714e-11
74 2.235833e-11
75 0.000000e+00
76 0.000000e+00
77 0.000000e+00
78 0.000000e+00
79 0.000000e+00
80 8.725014e-09
81 6.297858e-09
82 4.384673e-09
83 2.928800e-09
84 1.901165e-09
85 1.241881e-09
86 8.236615e-10
87 5.588088e-10
88 3.849419e-10
89 2.650878e-10
90 1.791262e-10
91 1.168830e-10
92 7.276524e-11
93 4.297027e-11
94 2.406497e-11
95 0.000000e+00
96 0.000000e+00
97 0.000000e+00
98 0.000000e+00
99 0.000000e+00
100 1.443629e-08
101 1.071456e-08
102 7.645539e-09
103 5.251883e-09
104 3.448638e-09
105 2.225699e-09
106 1.451614e-09
107 9.639835e-10
108 6.547429e-10
109 4.502832e-10
110 3.081804e-10
111 2.060780e-10
112 1.326141e-10
113 8.130960e-11
114 4.727972e-11
115 0.000000e+00
116 0.000000e+00
117 0.000000e+00
118 0.000000e+00
119 0.000000e+00
120 1.854168e-08
121 1.399839e-08
122 1.011517e-08
123 7.046620e-09
124 4.689586e-09
125 3.020452e-09
126 1.956670e-09
127 1.284226e-09
128 8.631972e-10
129 5.904806e-10
130 4.049278e-10
131 2.732407e-10
132 1.784329e-10
133 1.114164e-10
134 6.608208e-11
135 0.000000e+00
136 0.000000e+00
137 0.000000e+00
138 0.000000e+00
139 0.000000e+00
140 2.108575e-08
141 1.604416e-08
142 1.165566e-08
143 8.169236e-09
144 5.468368e-09
145 3.520649e-09
146 2.274206e-09
147 1.485438e-09
148 9.938950e-10
149 6.781833e-10
150 4.653419e-10
151 3.151576e-10
152 2.070505e-10
153 1.302610e-10
154 7.788492e-11
155 0.000000e+00
156 0.000000e+00
157 0.000000e+00
158 0.000000e+00
159 0.000000e+00
160 2.325372e-08
161 1.778871e-08
162 1.296807e-08
163 9.125591e-09
164 6.131834e-09
165 3.947156e-09
166 2.544627e-09
167 1.656934e-09
168 1.105276e-09
169 7.528984e-10
170 5.167516e-10
171 3.508181e-10
172 2.314193e-10
173 1.463072e-10
174 8.793440e-11
175 0.000000e+00
176 0.000000e+00
177 0.000000e+00
178 0.000000e+00
179 0.000000e+00
180 2.641493e-08
181 2.064434e-08
182 1.527972e-08
183 1.087174e-08
184 7.440468e-09
185 4.853182e-09
186 3.110342e-09
187 2.011800e-09
188 1.323858e-09
189 8.907980e-10
190 6.073797e-10
191 4.126869e-10
192 2.744745e-10
193 1.760836e-10
194 1.078898e-10
195 0.000000e+00
196 0.000000e+00
197 0.000000e+00
198 0.000000e+00
199 0.000000e+00
200 3.201285e-08
201 2.549354e-08
202 1.913413e-08
203 1.375779e-08
204 9.530907e-09
205 6.287070e-09
206 4.016561e-09
207 2.583915e-09
208 1.682116e-09
209 1.121061e-09
210 7.602095e-10
211 5.168370e-10
212 3.460126e-10
213 2.245166e-10
214 1.395948e-10
215 0.000000e+00
216 0.000000e+00
217 0.000000e+00
218 0.000000e+00
219 0.000000e+00
220 3.680776e-08
221 2.965588e-08
222 2.244484e-08
223 1.623367e-08
224 1.132805e-08
225 7.520819e-09
226 4.797807e-09
227 3.077002e-09
228 1.990779e-09
229 1.319211e-09
230 8.915880e-10
231 6.063064e-10
232 4.074426e-10
233 2.661089e-10
234 1.668349e-10
235 0.000000e+00
236 0.000000e+00
237 0.000000e+00
238 0.000000e+00
239 0.000000e+00
240 4.149725e-08
241 3.416035e-08
242 2.637150e-08
243 1.932599e-08
244 1.363404e-08
245 9.217331e-09
246 5.935440e-09
247 3.783097e-09
248 2.427563e-09
249 1.587657e-09
250 1.060054e-09
251 7.158784e-10
252 4.811035e-10
253 3.163896e-10
254 2.008952e-10
255 0.000000e+00
256 0.000000e+00
257 0.000000e+00
258 0.000000e+00
259 0.000000e+00
260 5.034939e-08
261 4.238235e-08
262 3.335770e-08
263 2.479093e-08
264 1.768610e-08
265 1.213210e-08
266 7.890313e-09
267 5.003462e-09
268 3.189882e-09
269 2.060127e-09
270 1.359803e-09
271 9.122646e-10
272 6.130436e-10
273 4.057200e-10
274 2.606018e-10
275 0.000000e+00
276 0.000000e+00
277 0.000000e+00
278 0.000000e+00
279 0.000000e+00
280 6.580898e-08
281 5.757096e-08
282 4.711093e-08
283 3.615509e-08
284 2.637739e-08
285 1.851629e-08
286 1.241124e-08
287 7.917297e-09
288 5.000592e-09
289 3.166258e-09
290 2.038767e-09
291 1.338425e-09
292 8.885722e-10
293 5.881070e-10
294 3.821536e-10
295 0.000000e+00
296 0.000000e+00
297 0.000000e+00
298 0.000000e+00
299 0.000000e+00
300 8.615607e-07
301 6.514351e-07
302 4.956927e-07
303 3.421848e-07
304 2.160277e-07
305 1.370298e-07
306 8.646987e-08
307 0.000000e+00
308 0.000000e+00
309 0.000000e+00
310 0.000000e+00
311 0.000000e+00
312 0.000000e+00
313 0.000000e+00
314 0.000000e+00
315 0.000000e+00
316 0.000000e+00
317 0.000000e+00
318 0.000000e+00
319 0.000000e+00
320 1.097116e-06
321 8.299559e-07
322 6.317347e-07
323 4.387433e-07
324 2.767094e-07
325 1.757787e-07
326 1.107706e-07
327 0.000000e+00
328 0.000000e+00
329 0.000000e+00
330 0.000000e+00
331 0.000000e+00
332 0.000000e+00
333 0.000000e+00
334 0.000000e+00
335 0.000000e+00
336 0.000000e+00
337 0.000000e+00
338 0.000000e+00
339 0.000000e+00
340 1.239832e-06
341 9.381189e-07
342 7.141598e-07
343 4.972457e-07
344 3.134752e-07
345 1.992570e-07
346 1.254949e-07
347 0.000000e+00
348 0.000000e+00
349 0.000000e+00
350 0.000000e+00
351 0.000000e+00
352 0.000000e+00
353 0.000000e+00
354 0.000000e+00
355 0.000000e+00
356 0.000000e+00
357 0.000000e+00
358 0.000000e+00
359 0.000000e+00
360 1.361507e-06
361 1.030336e-06
362 7.844282e-07
363 5.471226e-07
364 3.448198e-07
365 2.192728e-07
366 1.380478e-07
367 0.000000e+00
368 0.000000e+00
369 0.000000e+00
370 0.000000e+00
371 0.000000e+00
372 0.000000e+00
373 0.000000e+00
374 0.000000e+00
375 0.000000e+00
376 0.000000e+00
377 0.000000e+00
378 0.000000e+00
379 0.000000e+00
380 5.444534e-07
381 4.310535e-07
382 3.235187e-07
383 2.486231e-07
384 1.656502e-07
385 1.052302e-07
386 6.525618e-08
387 4.097862e-08
388 0.000000e+00
389 0.000000e+00
390 0.000000e+00
391 0.000000e+00
392 0.000000e+00
393 0.000000e+00
394 0.000000e+00
395 0.000000e+00
396 0.000000e+00
397 0.000000e+00
398 0.000000e+00
399 0.000000e+00
400 8.364684e-07
401 6.658503e-07
402 4.996925e-07
403 3.840972e-07
404 2.586920e-07
405 1.635578e-07
406 1.017120e-07
407 6.377921e-08
408 0.000000e+00
409 0.000000e+00
410 0.000000e+00
411 0.000000e+00
412 0.000000e+00
413 0.000000e+00
414 0.000000e+00
415 0.000000e+00
416 0.000000e+00
417 0.000000e+00
418 0.000000e+00
419 0.000000e+00
420 1.013648e-06
421 8.083383e-07
422 6.066163e-07
423 4.663073e-07
424 3.151699e-07
425 1.989632e-07
426 1.238442e-07
427 7.762041e-08
428 0.000000e+00
429 0.000000e+00
430 0.000000e+00
431 0.000000e+00
432 0.000000e+00
433 0.000000e+00
434 0.000000e+00
435 0.000000e+00
436 0.000000e+00
437 0.000000e+00
438 0.000000e+00
439 0.000000e+00
440 1.164703e-06
441 9.298221e-07
442 6.977715e-07
443 5.364012e-07
444 3.633248e-07
445 2.291498e-07
446 1.427139e-07
447 8.942090e-08
448 0.000000e+00
449 0.000000e+00
450 0.000000e+00
451 0.000000e+00
452 0.000000e+00
453 0.000000e+00
454 0.000000e+00
455 0.000000e+00
456 0.000000e+00
457 0.000000e+00
458 0.000000e+00
459 0.000000e+00
460 5.816090e-07
461 5.034143e-07
462 3.866428e-07
463 2.913218e-07
464 2.220083e-07
465 1.379671e-07
466 8.966333e-08
467 5.468453e-08
468 3.403362e-08
469 0.000000e+00
470 0.000000e+00
471 0.000000e+00
472 0.000000e+00
473 0.000000e+00
474 0.000000e+00
475 0.000000e+00
476 0.000000e+00
477 0.000000e+00
478 0.000000e+00
479 0.000000e+00
480 7.769958e-07
481 6.743064e-07
482 5.187490e-07
483 3.905605e-07
484 2.981312e-07
485 1.858287e-07
486 1.207190e-07
487 7.357259e-08
488 4.576758e-08
489 0.000000e+00
490 0.000000e+00
491 0.000000e+00
492 0.000000e+00
493 0.000000e+00
494 0.000000e+00
495 0.000000e+00
496 0.000000e+00
497 0.000000e+00
498 0.000000e+00
499 0.000000e+00
500 9.435661e-07
501 8.199972e-07
502 6.313732e-07
503 4.751645e-07
504 3.630265e-07
505 2.266333e-07
506 1.471953e-07
507 8.967544e-08
508 5.577133e-08
509 0.000000e+00
510 0.000000e+00
511 0.000000e+00
512 0.000000e+00
513 0.000000e+00
514 0.000000e+00
515 0.000000e+00
516 0.000000e+00
517 0.000000e+00
518 0.000000e+00
519 0.000000e+00
520 3.725576e-07
521 3.458282e-07
522 2.803644e-07
523 2.093585e-07
524 1.615429e-07
525 1.126756e-07
526 6.951459e-08
527 4.285561e-08
528 2.645668e-08
529 0.000000e+00
530 0.000000e+00
531 0.000000e+00
532 0.000000e+00
533 0.000000e+00
534 0.000000e+00
535 0.000000e+00
536 0.000000e+00
537 0.000000e+00
538 0.000000e+00
539 0.000000e+00
540 5.754927e-07
541 5.359750e-07
542 4.359834e-07
543 3.257736e-07
544 2.510639e-07
545 1.762978e-07
546 1.083674e-07
547 6.704080e-08
548 4.134489e-08
549 0.000000e+00
550 0.000000e+00
551 0.000000e+00
552 0.000000e+00
553 0.000000e+00
554 0.000000e+00
555 0.000000e+00
556 0.000000e+00
557 0.000000e+00
558 0.000000e+00
559 0.000000e+00
560 7.483201e-07
561 6.978935e-07
562 5.684925e-07
563 4.249015e-07
564 3.272919e-07
565 2.304705e-07
566 1.414496e-07
567 8.763369e-08
568 5.402159e-08
569 0.000000e+00
570 0.000000e+00
571 0.000000e+00
572 0.000000e+00
573 0.000000e+00
574 0.000000e+00
575 0.000000e+00
576 0.000000e+00
577 0.000000e+00
578 0.000000e+00
579 0.000000e+00
580 2.137759e-07
581 2.087258e-07
582 1.788329e-07
583 1.360140e-07
584 1.026643e-07
585 7.809619e-08
586 4.699874e-08
587 3.061732e-08
588 1.848415e-08
589 1.125544e-08
590 0.000000e+00
591 0.000000e+00
592 0.000000e+00
593 0.000000e+00
594 0.000000e+00
595 0.000000e+00
596 0.000000e+00
597 0.000000e+00
598 0.000000e+00
599 0.000000e+00
600 4.176682e-07
601 4.095641e-07
602 3.528180e-07
603 2.691919e-07
604 2.027935e-07
605 1.549226e-07
606 9.371518e-08
607 6.116344e-08
608 3.682916e-08
609 2.239178e-08
610 0.000000e+00
611 0.000000e+00
612 0.000000e+00
613 0.000000e+00
614 0.000000e+00
615 0.000000e+00
616 0.000000e+00
617 0.000000e+00
618 0.000000e+00
619 0.000000e+00
620 5.918064e-07
621 5.811243e-07
622 5.014808e-07
623 3.830085e-07
624 2.883600e-07
625 2.205786e-07
626 1.336589e-07
627 8.727520e-08
628 5.251013e-08
629 3.191153e-08
630 0.000000e+00
631 0.000000e+00
632 0.000000e+00
633 0.000000e+00
634 0.000000e+00
635 0.000000e+00
636 0.000000e+00
637 0.000000e+00
638 0.000000e+00
639 0.000000e+00
640 2.964747e-07
641 3.018035e-07
642 2.729886e-07
643 2.155278e-07
644 1.604345e-07
645 1.248107e-07
646 8.153215e-08
647 5.205590e-08
648 3.093226e-08
649 1.880742e-08
650 0.000000e+00
651 0.000000e+00
652 0.000000e+00
653 0.000000e+00
654 0.000000e+00
655 0.000000e+00
656 0.000000e+00
657 0.000000e+00
658 0.000000e+00
659 0.000000e+00
660 4.694707e-07
661 4.786039e-07
662 4.337804e-07
663 3.430795e-07
664 2.553496e-07
665 1.986050e-07
666 1.303277e-07
667 8.297195e-08
668 4.932797e-08
669 2.999909e-08
670 0.000000e+00
671 0.000000e+00
672 0.000000e+00
673 0.000000e+00
674 0.000000e+00
675 0.000000e+00
676 0.000000e+00
677 0.000000e+00
678 0.000000e+00
679 0.000000e+00
680 2.030095e-07
681 2.124856e-07
682 1.998509e-07
683 1.637261e-07
684 1.221673e-07
685 9.401720e-08
686 6.703230e-08
687 4.037910e-08
688 2.469952e-08
689 1.496167e-08
690 0.000000e+00
691 0.000000e+00
692 0.000000e+00
693 0.000000e+00
694 0.000000e+00
695 0.000000e+00
696 0.000000e+00
697 0.000000e+00
698 0.000000e+00
699 0.000000e+00
700 3.738223e-07
701 3.919282e-07
702 3.695204e-07
703 3.035246e-07
704 2.266362e-07
705 1.742097e-07
706 1.248455e-07
707 7.498093e-08
708 4.603963e-08
709 2.785854e-08
710 0.000000e+00
711 0.000000e+00
712 0.000000e+00
713 0.000000e+00
714 0.000000e+00
715 0.000000e+00
716 0.000000e+00
717 0.000000e+00
718 0.000000e+00
719 0.000000e+00
720 1.304414e-07
721 1.394652e-07
722 1.352700e-07
723 1.147228e-07
724 8.663417e-08
725 6.564246e-08
726 4.953631e-08
727 2.919908e-08
728 1.876678e-08
729 1.119650e-08
730 6.648920e-09
731 0.000000e+00
732 0.000000e+00
733 0.000000e+00
734 0.000000e+00
735 0.000000e+00
736 0.000000e+00
737 0.000000e+00
738 0.000000e+00
739 0.000000e+00
740 2.983549e-07
741 3.196610e-07
742 3.109939e-07
743 2.647436e-07
744 2.003009e-07
745 1.515272e-07
746 1.148191e-07
747 6.778056e-08
748 4.374606e-08
749 2.605252e-08
750 1.542853e-08
751 0.000000e+00
752 0.000000e+00
753 0.000000e+00
754 0.000000e+00
755 0.000000e+00
756 0.000000e+00
757 0.000000e+00
758 0.000000e+00
759 0.000000e+00
760 2.380639e-07
761 2.595072e-07
762 2.589094e-07
763 2.275356e-07
764 1.753931e-07
765 1.311552e-07
766 1.018475e-07
767 6.206724e-08
768 4.071982e-08
769 2.388644e-08
770 1.400767e-08
771 0.000000e+00
772 0.000000e+00
773 0.000000e+00
774 0.000000e+00
775 0.000000e+00
776 0.000000e+00
777 0.000000e+00
778 0.000000e+00
779 0.000000e+00
780 1.893127e-07
781 2.092940e-07
782 2.131331e-07
783 1.925502e-07
784 1.515821e-07
785 1.127076e-07
786 8.794394e-08
787 5.667714e-08
788 3.632980e-08
789 2.112559e-08
790 1.252484e-08
791 0.000000e+00
792 0.000000e+00
793 0.000000e+00
794 0.000000e+00
795 0.000000e+00
796 0.000000e+00
797 0.000000e+00
798 0.000000e+00
799 0.000000e+00
800 1.137604e-04
801 8.550043e-05
802 6.580659e-05
803 4.560613e-05
804 2.864780e-05
805 1.808687e-05
806 1.141861e-05
807 0.000000e+00
808 0.000000e+00
809 0.000000e+00
810 0.000000e+00
811 0.000000e+00
812 0.000000e+00
813 0.000000e+00
814 0.000000e+00
815 0.000000e+00
816 0.000000e+00
817 0.000000e+00
818 0.000000e+00
819 0.000000e+00
820 7.787494e-05
821 6.201503e-05
822 4.633183e-05
823 3.590394e-05
824 2.416746e-05
825 1.532601e-05
826 9.440827e-06
827 5.928634e-06
828 0.000000e+00
829 0.000000e+00
830 0.000000e+00
831 0.000000e+00
832 0.000000e+00
833 0.000000e+00
834 0.000000e+00
835 0.000000e+00
836 0.000000e+00
837 0.000000e+00
838 0.000000e+00
839 0.000000e+00
840 5.519800e-05
841 4.802853e-05
842 3.689529e-05
843 2.771080e-05
844 2.135684e-05
845 1.314107e-05
846 8.654026e-06
847 5.256857e-06
848 3.255229e-06
849 0.000000e+00
850 0.000000e+00
851 0.000000e+00
852 0.000000e+00
853 0.000000e+00
854 0.000000e+00
855 0.000000e+00
856 0.000000e+00
857 0.000000e+00
858 0.000000e+00
859 0.000000e+00
860 4.068992e-05
861 3.802435e-05
862 3.097889e-05
863 2.310315e-05
864 1.782141e-05
865 1.260031e-05
866 7.691129e-06
867 4.738056e-06
868 2.929492e-06
869 0.000000e+00
870 0.000000e+00
871 0.000000e+00
872 0.000000e+00
873 0.000000e+00
874 0.000000e+00
875 0.000000e+00
876 0.000000e+00
877 0.000000e+00
878 0.000000e+00
879 0.000000e+00
880 3.122331e-05
881 3.071723e-05
882 2.654262e-05
883 2.025440e-05
884 1.522930e-05
885 1.171567e-05
886 7.036497e-06
887 4.636766e-06
888 2.788362e-06
889 1.685697e-06
890 0.000000e+00
891 0.000000e+00
892 0.000000e+00
893 0.000000e+00
894 0.000000e+00
895 0.000000e+00
896 0.000000e+00
897 0.000000e+00
898 0.000000e+00
899 0.000000e+00
900 2.483110e-05
901 2.535477e-05
902 2.301950e-05
903 1.821131e-05
904 1.353618e-05
905 1.055016e-05
906 6.926209e-06
907 4.421343e-06
908 2.615476e-06
909 1.594292e-06
910 0.000000e+00
911 0.000000e+00
912 0.000000e+00
913 0.000000e+00
914 0.000000e+00
915 0.000000e+00
916 0.000000e+00
917 0.000000e+00
918 0.000000e+00
919 0.000000e+00
920 2.035807e-05
921 2.137381e-05
922 2.018679e-05
923 1.659868e-05
924 1.238461e-05
925 9.518517e-06
926 6.852139e-06
927 4.092723e-06
928 2.509577e-06
929 1.519429e-06
930 0.000000e+00
931 0.000000e+00
932 0.000000e+00
933 0.000000e+00
934 0.000000e+00
935 0.000000e+00
936 0.000000e+00
937 0.000000e+00
938 0.000000e+00
939 0.000000e+00
940 1.712010e-05
941 1.836528e-05
942 1.789708e-05
943 1.525822e-05
944 1.154322e-05
945 8.724421e-06
946 6.638176e-06
947 3.898757e-06
948 2.528697e-06
949 1.505549e-06
950 8.884276e-07
951 0.000000e+00
952 0.000000e+00
953 0.000000e+00
954 0.000000e+00
955 0.000000e+00
956 0.000000e+00
957 0.000000e+00
958 0.000000e+00
959 0.000000e+00
960 1.470420e-05
961 1.604676e-05
962 1.603493e-05
963 1.411615e-05
964 1.088707e-05
965 8.133231e-06
966 6.331315e-06
967 3.854793e-06
968 2.540362e-06
969 1.488811e-06
970 8.710079e-07
971 0.000000e+00
972 0.000000e+00
973 0.000000e+00
974 0.000000e+00
975 0.000000e+00
976 0.000000e+00
977 0.000000e+00
978 0.000000e+00
979 0.000000e+00
980 1.285770e-05
981 1.422984e-05
982 1.451252e-05
983 1.313523e-05
984 1.035130e-05
985 7.691127e-06
986 6.006776e-06
987 3.881251e-06
988 2.488525e-06
989 1.443674e-06
990 8.576445e-07
991 0.000000e+00
992 0.000000e+00
993 0.000000e+00
994 0.000000e+00
995 0.000000e+00
996 0.000000e+00
997 0.000000e+00
998 0.000000e+00
999 0.000000e+00
