0 6.567915e+03
1 3.011662e+03
2 1.298958e+03
3 4.599047e+02
4 9.054683e+01
5 9.438942e+03
6 3.931948e+03
7 1.509797e+03
8 4.587280e+02
9 7.312548e+01
10 8.775993e+03
11 3.279941e+03
12 1.106261e+03
13 2.841466e+02
14 3.602026e+01
15 6.344051e+03
16 2.107830e+03
17 6.187439e+02
18 1.331268e+02
19 1.328767e+01
20 2.440681e-08
21 1.668087e-08
22 1.094815e-08
23 6.902239e-09
24 4.242142e-09
25 2.966691e-08
26 2.002703e-08
27 1.284981e-08
28 8.010974e-09
29 4.845187e-09
30 3.592887e-08
31 2.375923e-08
32 1.498629e-08
33 9.222348e-09
34 5.497872e-09
35 4.378208e-08
36 2.822323e-08
37 1.757653e-08
38 1.062793e-08
39 6.257268e-09
40 5.369890e-08
41 3.381833e-08
42 2.074365e-08
43 1.233697e-08
44 7.163778e-09
45 3.451345e-08
46 2.362317e-08
47 1.554942e-08
48 9.815729e-09
49 6.043229e-09
50 4.194119e-08
51 2.840232e-08
52 1.825648e-08
53 1.140280e-08
54 6.905867e-09
55 5.082772e-08
56 3.373143e-08
57 2.130185e-08
58 1.313634e-08
59 7.840340e-09
60 6.202941e-08
61 4.009133e-08
62 2.501061e-08
63 1.514568e-08
64 8.927977e-09
65 7.620389e-08
66 4.806509e-08
67 2.953860e-08
68 1.759252e-08
69 1.022628e-08
70 4.071694e-08
71 2.788409e-08
72 1.837350e-08
73 1.160281e-08
74 7.147997e-09
75 4.947494e-08
76 3.354272e-08
77 2.157488e-08
78 1.348330e-08
79 8.169871e-09
80 5.997211e-08
81 3.985196e-08
82 2.517806e-08
83 1.553714e-08
84 9.277195e-09
85 7.322881e-08
86 4.737553e-08
87 2.957055e-08
88 1.791683e-08
89 1.056618e-08
90 9.001654e-08
91 5.680913e-08
92 3.493329e-08
93 2.081624e-08
94 1.210481e-08
95 4.622216e-08
96 3.166505e-08
97 2.087902e-08
98 1.318820e-08
99 8.127975e-09
100 5.616081e-08
101 3.810368e-08
102 2.451889e-08
103 1.532889e-08
104 9.291061e-09
105 6.808702e-08
106 4.528221e-08
107 2.861684e-08
108 1.766677e-08
109 1.055167e-08
110 8.316643e-08
111 5.383796e-08
112 3.361571e-08
113 2.037490e-08
114 1.201920e-08
115 1.022717e-07
116 6.456647e-08
117 3.971874e-08
118 2.367564e-08
119 1.377095e-08
120 2.498127e-08
121 1.664984e-08
122 1.135244e-08
123 7.562928e-09
124 4.752100e-09
125 2.996676e-08
126 2.000119e-08
127 1.369134e-08
128 8.844539e-09
129 5.510825e-09
130 3.570018e-08
131 2.411757e-08
132 1.628528e-08
133 1.026805e-08
134 6.338534e-09
135 4.307283e-08
136 2.945169e-08
137 1.929030e-08
138 1.201117e-08
139 7.283090e-09
140 5.328371e-08
141 3.627887e-08
142 2.298285e-08
143 1.414351e-08
144 8.434728e-09
145 3.619100e-08
146 2.412153e-08
147 1.642561e-08
148 1.096377e-08
149 6.892008e-09
150 4.342770e-08
151 2.894822e-08
152 1.981655e-08
153 1.282649e-08
154 7.994577e-09
155 5.172171e-08
156 3.487647e-08
157 2.359192e-08
158 1.489223e-08
159 9.197330e-09
160 6.234339e-08
161 4.258784e-08
162 2.797086e-08
163 1.741974e-08
164 1.056941e-08
165 7.702923e-08
166 5.252145e-08
167 3.333309e-08
168 2.051364e-08
169 1.224351e-08
170 4.598284e-08
171 3.064815e-08
172 2.085711e-08
173 1.393448e-08
174 8.761267e-09
175 5.518601e-08
176 3.676360e-08
177 2.516707e-08
178 1.630480e-08
179 1.016418e-08
180 6.571675e-08
181 4.427460e-08
182 2.997444e-08
183 1.893156e-08
184 1.169452e-08
185 7.917656e-08
186 5.406261e-08
187 3.555350e-08
188 2.214424e-08
189 1.344002e-08
190 9.777141e-08
191 6.670965e-08
192 4.237424e-08
193 2.607809e-08
194 1.557045e-08
195 2.711240e-08
196 1.896110e-08
197 1.235679e-08
198 8.357065e-09
199 5.514566e-09
200 3.330045e-08
201 2.245344e-08
202 1.468573e-08
203 1.002078e-08
204 6.361341e-09
205 4.015145e-08
206 2.635584e-08
207 1.755000e-08
208 1.180421e-08
209 7.287871e-09
210 4.815414e-08
211 3.125408e-08
212 2.123833e-08
213 1.376683e-08
214 8.445844e-09
215 5.793437e-08
216 3.800145e-08
217 2.588281e-08
218 1.613034e-08
219 9.880896e-09
220 4.104530e-08
221 2.875065e-08
222 1.873405e-08
223 1.265726e-08
224 8.362377e-09
225 5.043902e-08
226 3.405036e-08
227 2.224970e-08
228 1.517830e-08
229 9.646885e-09
230 6.084353e-08
231 3.995764e-08
232 2.657043e-08
233 1.788754e-08
234 1.105089e-08
235 7.299269e-08
236 4.734941e-08
237 3.214479e-08
238 2.087253e-08
239 1.280640e-08
240 8.781572e-08
241 5.751564e-08
242 3.919551e-08
243 2.446022e-08
244 1.498299e-08
245 1.599538e-08
246 1.198733e-08
247 8.016995e-09
248 5.128159e-09
249 3.473194e-09
250 2.003622e-08
251 1.440131e-08
252 9.317018e-09
253 6.076095e-09
254 4.102514e-09
255 2.465985e-08
256 1.697283e-08
257 1.079792e-08
258 7.243422e-09
259 4.748310e-09
260 3.016836e-08
261 1.989766e-08
262 1.273152e-08
263 8.696402e-09
264 5.440548e-09
265 3.684844e-08
266 2.349738e-08
267 1.548799e-08
268 1.041209e-08
269 6.255376e-09
270 3.296096e-08
271 2.475194e-08
272 1.658189e-08
273 1.059395e-08
274 7.172317e-09
275 4.131408e-08
276 2.975835e-08
277 1.927151e-08
278 1.254154e-08
279 8.481333e-09
280 5.088381e-08
281 3.509323e-08
282 2.232311e-08
283 1.494518e-08
284 9.823604e-09
285 6.229913e-08
286 4.115272e-08
287 2.629043e-08
288 1.794838e-08
289 1.125171e-08
290 7.615717e-08
291 4.858044e-08
292 3.193503e-08
293 2.150766e-08
294 1.292356e-08
