0 5.200853e-09
1 3.679276e-09
2 2.510516e-09
3 1.656662e-09
4 1.082407e-09
5 7.161452e-10
6 4.826397e-10
7 3.311734e-10
8 2.284515e-10
9 1.557492e-10
10 1.031821e-10
11 6.556818e-11
12 3.964847e-11
13 2.275714e-11
14 1.243110e-11
15 0.000000e+00
16 0.000000e+00
17 0.000000e+00
18 0.000000e+00
19 0.000000e+00
20 8.589506e-09
21 6.215436e-09
22 4.336171e-09
23 2.909657e-09
24 1.894192e-09
25 1.236226e-09
26 8.188999e-10
27 5.540125e-10
28 3.807527e-10
29 2.617845e-10
30 1.768712e-10
31 1.155532e-10
32 7.215814e-11
33 4.280232e-11
34 2.409765e-11
35 0.000000e+00
36 0.000000e+00
37 0.000000e+00
38 0.000000e+00
39 0.000000e+00
40 9.753279e-09
41 7.100722e-09
42 4.981272e-09
43 3.360746e-09
44 2.190717e-09
45 1.425203e-09
46 9.402784e-10
47 6.333816e-10
48 4.342119e-10
49 2.987627e-10
50 2.026278e-10
51 1.332112e-10
52 8.383019e-11
53 5.014575e-11
54 2.846192e-11
55 0.000000e+00
56 0.000000e+00
57 0.000000e+00
58 0.000000e+00
59 0.000000e+00
60 1.048775e-08
61 7.658135e-09
62 5.388267e-09
63 3.645767e-09
64 2.377886e-09
65 1.544407e-09
66 1.016800e-09
67 6.833980e-10
68 4.679316e-10
69 3.220541e-10
70 2.188516e-10
71 1.443235e-10
72 9.119420e-11
73 5.477513e-11
74 3.121304e-11
75 0.000000e+00
76 0.000000e+00
77 0.000000e+00
78 0.000000e+00
79 0.000000e+00
80 1.112308e-08
81 8.141748e-09
82 5.740832e-09
83 3.892449e-09
84 2.539816e-09
85 1.647611e-09
86 1.083067e-09
87 7.266112e-10
88 4.970426e-10
89 3.423044e-10
90 2.328991e-10
91 1.539669e-10
92 9.756698e-11
93 5.880123e-11
94 3.360471e-11
95 0.000000e+00
96 0.000000e+00
97 0.000000e+00
98 0.000000e+00
99 0.000000e+00
100 1.781752e-08
101 1.343214e-08
102 9.692722e-09
103 6.745689e-09
104 4.485932e-09
105 2.889900e-09
106 1.873818e-09
107 1.231122e-09
108 8.280975e-10
109 5.665660e-10
110 3.883262e-10
111 2.617413e-10
112 1.706655e-10
113 1.063899e-10
114 6.300032e-11
115 0.000000e+00
116 0.000000e+00
117 0.000000e+00
118 0.000000e+00
119 0.000000e+00
120 2.231759e-08
121 1.712448e-08
122 1.251377e-08
123 8.812186e-09
124 5.946746e-09
125 3.842155e-09
126 2.475414e-09
127 1.611092e-09
128 1.072065e-09
129 7.281582e-10
130 4.986664e-10
131 3.381279e-10
132 2.230756e-10
133 1.412781e-10
134 8.517966e-11
135 0.000000e+00
136 0.000000e+00
137 0.000000e+00
138 0.000000e+00
139 0.000000e+00
140 2.520598e-08
141 1.950717e-08
142 1.433347e-08
143 1.015204e-08
144 6.892770e-09
145 4.461826e-09
146 2.866301e-09
147 1.858278e-09
148 1.230436e-09
149 8.328025e-10
150 5.699567e-10
151 3.874189e-10
152 2.569008e-10
153 1.638223e-10
154 9.954283e-11
155 0.000000e+00
156 0.000000e+00
157 0.000000e+00
158 0.000000e+00
159 0.000000e+00
160 2.770665e-08
161 2.156916e-08
162 1.591026e-08
163 1.130892e-08
164 7.711981e-09
165 4.997805e-09
166 3.204570e-09
167 2.072179e-09
168 1.367445e-09
169 9.233491e-10
170 6.316850e-10
171 4.301227e-10
172 2.862037e-10
173 1.833520e-10
174 1.119828e-10
175 0.000000e+00
176 0.000000e+00
177 0.000000e+00
178 0.000000e+00
179 0.000000e+00
180 3.043132e-08
181 2.414496e-08
182 1.808013e-08
183 1.296938e-08
184 8.966130e-09
185 5.905436e-09
186 3.775749e-09
187 2.432132e-09
188 1.586384e-09
189 1.058906e-09
190 7.185606e-10
191 4.882918e-10
192 3.263907e-10
193 2.112891e-10
194 1.310076e-10
195 0.000000e+00
196 0.000000e+00
197 0.000000e+00
198 0.000000e+00
199 0.000000e+00
200 3.626128e-08
201 2.930707e-08
202 2.225409e-08
203 1.613283e-08
204 1.127215e-08
205 7.516170e-09
206 4.806096e-09
207 3.080237e-09
208 1.990080e-09
209 1.315552e-09
210 8.867385e-10
211 6.017722e-10
212 4.040470e-10
213 2.640172e-10
214 1.658234e-10
215 0.000000e+00
216 0.000000e+00
217 0.000000e+00
218 0.000000e+00
219 0.000000e+00
220 4.132971e-08
221 3.379861e-08
222 2.589898e-08
223 1.888418e-08
224 1.328323e-08
225 8.921130e-09
226 5.706345e-09
227 3.646032e-09
228 2.342646e-09
229 1.539542e-09
230 1.033440e-09
231 7.007254e-10
232 4.717335e-10
233 3.099712e-10
234 1.961731e-10
235 0.000000e+00
236 0.000000e+00
237 0.000000e+00
238 0.000000e+00
239 0.000000e+00
240 4.570460e-08
241 3.808625e-08
242 2.972249e-08
243 2.195638e-08
244 1.558669e-08
245 1.062490e-08
246 6.883284e-09
247 4.373968e-09
248 2.796874e-09
249 1.815989e-09
250 1.204555e-09
251 8.103130e-10
252 5.444529e-10
253 3.592744e-10
254 2.295912e-10
255 0.000000e+00
256 0.000000e+00
257 0.000000e+00
258 0.000000e+00
259 0.000000e+00
260 5.452939e-08
261 4.639824e-08
262 3.690293e-08
263 2.764674e-08
264 1.983281e-08
265 1.369793e-08
266 8.977853e-09
267 5.685727e-09
268 3.616646e-09
269 2.320707e-09
270 1.521971e-09
271 1.016037e-09
272 6.815116e-10
273 4.517108e-10
274 2.914448e-10
275 0.000000e+00
276 0.000000e+00
277 0.000000e+00
278 0.000000e+00
279 0.000000e+00
280 6.916928e-08
281 6.091843e-08
282 5.019428e-08
283 3.874975e-08
284 2.838892e-08
285 2.000134e-08
286 1.347349e-08
287 8.618534e-09
288 5.433617e-09
289 3.431987e-09
290 2.200665e-09
291 1.438575e-09
292 9.524176e-10
293 6.298488e-10
294 4.097699e-10
295 0.000000e+00
296 0.000000e+00
297 0.000000e+00
298 0.000000e+00
299 0.000000e+00
300 8.221444e-07
301 6.280763e-07
302 4.772386e-07
303 3.502550e-07
304 2.209911e-07
305 1.419767e-07
306 8.837730e-08
307 0.000000e+00
308 0.000000e+00
309 0.000000e+00
310 0.000000e+00
311 0.000000e+00
312 0.000000e+00
313 0.000000e+00
314 0.000000e+00
315 0.000000e+00
316 0.000000e+00
317 0.000000e+00
318 0.000000e+00
319 0.000000e+00
320 1.034459e-06
321 7.915901e-07
322 6.010008e-07
323 4.427717e-07
324 2.799007e-07
325 1.798655e-07
326 1.118765e-07
327 0.000000e+00
328 0.000000e+00
329 0.000000e+00
330 0.000000e+00
331 0.000000e+00
332 0.000000e+00
333 0.000000e+00
334 0.000000e+00
335 0.000000e+00
336 0.000000e+00
337 0.000000e+00
338 0.000000e+00
339 0.000000e+00
340 1.168385e-06
341 8.947381e-07
342 6.790680e-07
343 5.011323e-07
344 3.170568e-07
345 2.037645e-07
346 1.266991e-07
347 0.000000e+00
348 0.000000e+00
349 0.000000e+00
350 0.000000e+00
351 0.000000e+00
352 0.000000e+00
353 0.000000e+00
354 0.000000e+00
355 0.000000e+00
356 0.000000e+00
357 0.000000e+00
358 0.000000e+00
359 0.000000e+00
360 1.284297e-06
361 9.840073e-07
362 7.466363e-07
363 5.516435e-07
364 3.492144e-07
365 2.244477e-07
366 1.395271e-07
367 0.000000e+00
368 0.000000e+00
369 0.000000e+00
370 0.000000e+00
371 0.000000e+00
372 0.000000e+00
373 0.000000e+00
374 0.000000e+00
375 0.000000e+00
376 0.000000e+00
377 0.000000e+00
378 0.000000e+00
379 0.000000e+00
380 5.250315e-07
381 4.309859e-07
382 3.241820e-07
383 2.485310e-07
384 1.771769e-07
385 1.095293e-07
386 6.936270e-08
387 4.311075e-08
388 0.000000e+00
389 0.000000e+00
390 0.000000e+00
391 0.000000e+00
392 0.000000e+00
393 0.000000e+00
394 0.000000e+00
395 0.000000e+00
396 0.000000e+00
397 0.000000e+00
398 0.000000e+00
399 0.000000e+00
400 7.753820e-07
401 6.397021e-07
402 4.818831e-07
403 3.688472e-07
404 2.650262e-07
405 1.635641e-07
406 1.039500e-07
407 6.448673e-08
408 0.000000e+00
409 0.000000e+00
410 0.000000e+00
411 0.000000e+00
412 0.000000e+00
413 0.000000e+00
414 0.000000e+00
415 0.000000e+00
416 0.000000e+00
417 0.000000e+00
418 0.000000e+00
419 0.000000e+00
420 9.332861e-07
421 7.713572e-07
422 5.813658e-07
423 4.447425e-07
424 3.204400e-07
425 1.976553e-07
426 1.257691e-07
427 7.797113e-08
428 0.000000e+00
429 0.000000e+00
430 0.000000e+00
431 0.000000e+00
432 0.000000e+00
433 0.000000e+00
434 0.000000e+00
435 0.000000e+00
436 0.000000e+00
437 0.000000e+00
438 0.000000e+00
439 0.000000e+00
440 1.069946e-06
441 8.852971e-07
442 6.674588e-07
443 5.104268e-07
444 3.683995e-07
445 2.271582e-07
446 1.446525e-07
447 8.964172e-08
448 0.000000e+00
449 0.000000e+00
450 0.000000e+00
451 0.000000e+00
452 0.000000e+00
453 0.000000e+00
454 0.000000e+00
455 0.000000e+00
456 0.000000e+00
457 0.000000e+00
458 0.000000e+00
459 0.000000e+00
460 5.394402e-07
461 4.833714e-07
462 3.801101e-07
463 2.841022e-07
464 2.198007e-07
465 1.432516e-07
466 9.174537e-08
467 5.570386e-08
468 3.451915e-08
469 0.000000e+00
470 0.000000e+00
471 0.000000e+00
472 0.000000e+00
473 0.000000e+00
474 0.000000e+00
475 0.000000e+00
476 0.000000e+00
477 0.000000e+00
478 0.000000e+00
479 0.000000e+00
480 7.084286e-07
481 6.361870e-07
482 5.011788e-07
483 3.745078e-07
484 2.897803e-07
485 1.896474e-07
486 1.211958e-07
487 7.362243e-08
488 4.561606e-08
489 0.000000e+00
490 0.000000e+00
491 0.000000e+00
492 0.000000e+00
493 0.000000e+00
494 0.000000e+00
495 0.000000e+00
496 0.000000e+00
497 0.000000e+00
498 0.000000e+00
499 0.000000e+00
500 8.546675e-07
501 7.684302e-07
502 6.059522e-07
503 4.527440e-07
504 3.503418e-07
505 2.297984e-07
506 1.466819e-07
507 8.912886e-08
508 5.521952e-08
509 0.000000e+00
510 0.000000e+00
511 0.000000e+00
512 0.000000e+00
513 0.000000e+00
514 0.000000e+00
515 0.000000e+00
516 0.000000e+00
517 0.000000e+00
518 0.000000e+00
519 0.000000e+00
520 3.531024e-07
521 3.369321e-07
522 2.811341e-07
523 2.114203e-07
524 1.613347e-07
525 1.186321e-07
526 7.138592e-08
527 4.537747e-08
528 2.773251e-08
529 0.000000e+00
530 0.000000e+00
531 0.000000e+00
532 0.000000e+00
533 0.000000e+00
534 0.000000e+00
535 0.000000e+00
536 0.000000e+00
537 0.000000e+00
538 0.000000e+00
539 0.000000e+00
540 5.258425e-07
541 5.030483e-07
542 4.209733e-07
543 3.169516e-07
544 2.415662e-07
545 1.783671e-07
546 1.072705e-07
547 6.839861e-08
548 4.174390e-08
549 0.000000e+00
550 0.000000e+00
551 0.000000e+00
552 0.000000e+00
553 0.000000e+00
554 0.000000e+00
555 0.000000e+00
556 0.000000e+00
557 0.000000e+00
558 0.000000e+00
559 0.000000e+00
560 6.752038e-07
561 6.466712e-07
562 5.418746e-07
563 4.081911e-07
564 3.109315e-07
565 2.300087e-07
566 1.382944e-07
567 8.830006e-08
568 5.385684e-08
569 0.000000e+00
570 0.000000e+00
571 0.000000e+00
572 0.000000e+00
573 0.000000e+00
574 0.000000e+00
575 0.000000e+00
576 0.000000e+00
577 0.000000e+00
578 0.000000e+00
579 0.000000e+00
580 2.124973e-07
581 2.120226e-07
582 1.867027e-07
583 1.443965e-07
584 1.080083e-07
585 8.367442e-08
586 5.192958e-08
587 3.394774e-08
588 2.024933e-08
589 1.226822e-08
590 0.000000e+00
591 0.000000e+00
592 0.000000e+00
593 0.000000e+00
594 0.000000e+00
595 0.000000e+00
596 0.000000e+00
597 0.000000e+00
598 0.000000e+00
599 0.000000e+00
600 3.851815e-07
601 3.855656e-07
602 3.409966e-07
603 2.645730e-07
604 1.977068e-07
605 1.533387e-07
606 9.591884e-08
607 6.251602e-08
608 3.724537e-08
609 2.257760e-08
610 0.000000e+00
611 0.000000e+00
612 0.000000e+00
613 0.000000e+00
614 0.000000e+00
615 0.000000e+00
616 0.000000e+00
617 0.000000e+00
618 0.000000e+00
619 0.000000e+00
620 5.343610e-07
621 5.354949e-07
622 4.743018e-07
623 3.684063e-07
624 2.752085e-07
625 2.135279e-07
626 1.339322e-07
627 8.719936e-08
628 5.193092e-08
629 3.148538e-08
630 0.000000e+00
631 0.000000e+00
632 0.000000e+00
633 0.000000e+00
634 0.000000e+00
635 0.000000e+00
636 0.000000e+00
637 0.000000e+00
638 0.000000e+00
639 0.000000e+00
640 2.776618e-07
641 2.872656e-07
642 2.657658e-07
643 2.141531e-07
644 1.593849e-07
645 1.234462e-07
646 8.486114e-08
647 5.238430e-08
648 3.145882e-08
649 1.913795e-08
650 0.000000e+00
651 0.000000e+00
652 0.000000e+00
653 0.000000e+00
654 0.000000e+00
655 0.000000e+00
656 0.000000e+00
657 0.000000e+00
658 0.000000e+00
659 0.000000e+00
660 4.250279e-07
661 4.402406e-07
662 4.079686e-07
663 3.292766e-07
664 2.451143e-07
665 1.897310e-07
666 1.309263e-07
667 8.060573e-08
668 4.848726e-08
669 2.948734e-08
670 0.000000e+00
671 0.000000e+00
672 0.000000e+00
673 0.000000e+00
674 0.000000e+00
675 0.000000e+00
676 0.000000e+00
677 0.000000e+00
678 0.000000e+00
679 0.000000e+00
680 1.947689e-07
681 2.065661e-07
682 1.980181e-07
683 1.656569e-07
684 1.243850e-07
685 9.482393e-08
686 7.021516e-08
687 4.149133e-08
688 2.617349e-08
689 1.571423e-08
690 0.000000e+00
691 0.000000e+00
692 0.000000e+00
693 0.000000e+00
694 0.000000e+00
695 0.000000e+00
696 0.000000e+00
697 0.000000e+00
698 0.000000e+00
699 0.000000e+00
700 3.396386e-07
701 3.606850e-07
702 3.464212e-07
703 2.904566e-07
704 2.182874e-07
705 1.662397e-07
706 1.235024e-07
707 7.292753e-08
708 4.615610e-08
709 2.768261e-08
710 0.000000e+00
711 0.000000e+00
712 0.000000e+00
713 0.000000e+00
714 0.000000e+00
715 0.000000e+00
716 0.000000e+00
717 0.000000e+00
718 0.000000e+00
719 0.000000e+00
720 1.300414e-07
721 1.405903e-07
722 1.385893e-07
723 1.199150e-07
724 9.151584e-08
725 6.877937e-08
726 5.294230e-08
727 3.157585e-08
728 2.068080e-08
729 1.222171e-08
730 7.169552e-09
731 0.000000e+00
732 0.000000e+00
733 0.000000e+00
734 0.000000e+00
735 0.000000e+00
736 0.000000e+00
737 0.000000e+00
738 0.000000e+00
739 0.000000e+00
740 2.721709e-07
741 2.947235e-07
742 2.912166e-07
743 2.527442e-07
744 1.932489e-07
745 1.450837e-07
746 1.119028e-07
747 6.699131e-08
748 4.392240e-08
749 2.591719e-08
750 1.519678e-08
751 0.000000e+00
752 0.000000e+00
753 0.000000e+00
754 0.000000e+00
755 0.000000e+00
756 0.000000e+00
757 0.000000e+00
758 0.000000e+00
759 0.000000e+00
760 2.181861e-07
761 2.399927e-07
762 2.426045e-07
763 2.169812e-07
764 1.694156e-07
765 1.261467e-07
766 9.842351e-08
767 6.201346e-08
768 4.025576e-08
769 2.344420e-08
770 1.383864e-08
771 0.000000e+00
772 0.000000e+00
773 0.000000e+00
774 0.000000e+00
775 0.000000e+00
776 0.000000e+00
777 0.000000e+00
778 0.000000e+00
779 0.000000e+00
780 1.744523e-07
781 1.943737e-07
782 2.001802e-07
783 1.837119e-07
784 1.466400e-07
785 1.089299e-07
786 8.478384e-08
787 5.675968e-08
788 3.546171e-08
789 2.067342e-08
790 1.231647e-08
791 0.000000e+00
792 0.000000e+00
793 0.000000e+00
794 0.000000e+00
795 0.000000e+00
796 0.000000e+00
797 0.000000e+00
798 0.000000e+00
799 0.000000e+00
800 9.194991e-05
801 6.997462e-05
802 5.316270e-05
803 3.971592e-05
804 2.457250e-05
805 1.597108e-05
806 9.913036e-06
807 0.000000e+00
808 0.000000e+00
809 0.000000e+00
810 0.000000e+00
811 0.000000e+00
812 0.000000e+00
813 0.000000e+00
814 0.000000e+00
815 0.000000e+00
816 0.000000e+00
817 0.000000e+00
818 0.000000e+00
819 0.000000e+00
820 6.323591e-05
821 5.229398e-05
822 3.925940e-05
823 3.008594e-05
824 2.185823e-05
825 1.330260e-05
826 8.462827e-06
827 5.261810e-06
828 0.000000e+00
829 0.000000e+00
830 0.000000e+00
831 0.000000e+00
832 0.000000e+00
833 0.000000e+00
834 0.000000e+00
835 0.000000e+00
836 0.000000e+00
837 0.000000e+00
838 0.000000e+00
839 0.000000e+00
840 4.511236e-05
841 4.063523e-05
842 3.200634e-05
843 2.384947e-05
844 1.855867e-05
845 1.210969e-05
846 7.796191e-06
847 4.698309e-06
848 2.913304e-06
849 0.000000e+00
850 0.000000e+00
851 0.000000e+00
852 0.000000e+00
853 0.000000e+00
854 0.000000e+00
855 0.000000e+00
856 0.000000e+00
857 0.000000e+00
858 0.000000e+00
859 0.000000e+00
860 3.361494e-05
861 3.226139e-05
862 2.705656e-05
863 2.034764e-05
864 1.549291e-05
865 1.153705e-05
866 6.859746e-06
867 4.393285e-06
868 2.682224e-06
869 0.000000e+00
870 0.000000e+00
871 0.000000e+00
872 0.000000e+00
873 0.000000e+00
874 0.000000e+00
875 0.000000e+00
876 0.000000e+00
877 0.000000e+00
878 0.000000e+00
879 0.000000e+00
880 2.608777e-05
881 2.619115e-05
882 2.323709e-05
883 1.804494e-05
884 1.345925e-05
885 1.048474e-05
886 6.549347e-06
887 4.298980e-06
888 2.552846e-06
889 1.544569e-06
890 0.000000e+00
891 0.000000e+00
892 0.000000e+00
893 0.000000e+00
894 0.000000e+00
895 0.000000e+00
896 0.000000e+00
897 0.000000e+00
898 0.000000e+00
899 0.000000e+00
900 2.097040e-05
901 2.175558e-05
902 2.019854e-05
903 1.631624e-05
904 1.213274e-05
905 9.397873e-06
906 6.508697e-06
907 3.995735e-06
908 2.392773e-06
909 1.458623e-06
910 0.000000e+00
911 0.000000e+00
912 0.000000e+00
913 0.000000e+00
914 0.000000e+00
915 0.000000e+00
916 0.000000e+00
917 0.000000e+00
918 0.000000e+00
919 0.000000e+00
920 1.736134e-05
921 1.846331e-05
922 1.776642e-05
923 1.491852e-05
924 1.120817e-05
925 8.529148e-06
926 6.367602e-06
927 3.736526e-06
928 2.371886e-06
929 1.421953e-06
930 0.000000e+00
931 0.000000e+00
932 0.000000e+00
933 0.000000e+00
934 0.000000e+00
935 0.000000e+00
936 0.000000e+00
937 0.000000e+00
938 0.000000e+00
939 0.000000e+00
940 1.472342e-05
941 1.596413e-05
942 1.580256e-05
943 1.374060e-05
944 1.051063e-05
945 7.882386e-06
946 6.100178e-06
947 3.642639e-06
948 2.401625e-06
949 1.416525e-06
950 8.269133e-07
951 0.000000e+00
952 0.000000e+00
953 0.000000e+00
954 0.000000e+00
955 0.000000e+00
956 0.000000e+00
957 0.000000e+00
958 0.000000e+00
959 0.000000e+00
960 1.274398e-05
961 1.403502e-05
962 1.421242e-05
963 1.273785e-05
964 9.956210e-06
965 7.406859e-06
966 5.787745e-06
967 3.653933e-06
968 2.376169e-06
969 1.381096e-06
970 8.160300e-07
971 0.000000e+00
972 0.000000e+00
973 0.000000e+00
974 0.000000e+00
975 0.000000e+00
976 0.000000e+00
977 0.000000e+00
978 0.000000e+00
979 0.000000e+00
980 1.121472e-05
981 1.251041e-05
982 1.290593e-05
983 1.187048e-05
984 9.490477e-06
985 7.046507e-06
986 5.485156e-06
987 3.689367e-06
988 2.298751e-06
989 1.337611e-06
990 7.985125e-07
991 0.000000e+00
992 0.000000e+00
993 0.000000e+00
994 0.000000e+00
995 0.000000e+00
996 0.000000e+00
997 0.000000e+00
998 0.000000e+00
999 0.000000e+00
