0 3.584387e-09
1 2.487892e-09
2 1.666469e-09
3 1.091892e-09
4 7.195423e-10
5 4.822317e-10
6 3.296668e-10
7 2.280094e-10
8 1.569228e-10
9 1.057025e-10
10 6.859271e-11
11 4.244528e-11
12 2.492457e-11
13 1.389960e-11
14 7.401780e-12
15 0.000000e+00
16 0.000000e+00
17 0.000000e+00
18 0.000000e+00
19 0.000000e+00
20 5.884009e-09
21 4.174250e-09
22 2.852745e-09
23 1.880244e-09
24 1.225402e-09
25 8.090910e-10
26 5.443445e-10
27 3.735172e-10
28 2.581232e-10
29 1.765554e-10
30 1.174364e-10
31 7.491850e-11
32 4.545142e-11
33 2.614672e-11
34 1.429958e-11
35 0.000000e+00
36 0.000000e+00
37 0.000000e+00
38 0.000000e+00
39 0.000000e+00
40 6.717402e-09
41 4.792847e-09
42 3.295707e-09
43 2.180625e-09
44 1.418536e-09
45 9.331202e-10
46 6.248840e-10
47 4.272810e-10
48 2.950746e-10
49 2.023932e-10
50 1.353795e-10
51 8.704187e-11
52 5.326113e-11
53 3.090802e-11
54 1.703729e-11
55 0.000000e+00
56 0.000000e+00
57 0.000000e+00
58 0.000000e+00
59 0.000000e+00
60 7.261424e-09
61 5.196257e-09
62 3.584530e-09
63 2.376407e-09
64 1.544665e-09
65 1.014005e-09
66 6.772913e-10
67 4.623129e-10
68 3.192517e-10
69 2.192782e-10
70 1.471093e-10
71 9.495911e-11
72 5.837375e-11
73 3.402649e-11
74 1.883075e-11
75 0.000000e+00
76 0.000000e+00
77 0.000000e+00
78 0.000000e+00
79 0.000000e+00
80 7.766771e-09
81 5.571229e-09
82 3.852888e-09
83 2.558308e-09
84 1.661512e-09
85 1.089149e-09
86 7.259514e-10
87 4.947746e-10
88 3.416959e-10
89 2.349756e-10
90 1.579979e-10
91 1.022956e-10
92 6.310415e-11
93 3.691317e-11
94 2.048876e-11
95 0.000000e+00
96 0.000000e+00
97 0.000000e+00
98 0.000000e+00
99 0.000000e+00
100 1.204996e-08
101 8.838175e-09
102 6.247926e-09
103 4.241101e-09
104 2.762128e-09
105 1.790123e-09
106 1.174113e-09
107 7.869410e-10
108 5.383657e-10
109 3.712115e-10
110 2.532611e-10
111 1.679294e-10
112 1.067254e-10
113 6.446078e-11
114 3.689873e-11
115 0.000000e+00
116 0.000000e+00
117 0.000000e+00
118 0.000000e+00
119 0.000000e+00
120 1.521618e-08
121 1.131810e-08
122 8.091555e-09
123 5.571020e-09
124 3.660920e-09
125 2.360537e-09
126 1.537822e-09
127 1.019460e-09
128 6.915945e-10
129 4.755836e-10
130 3.258287e-10
131 2.182971e-10
132 1.408288e-10
133 8.657080e-11
134 5.047152e-11
135 0.000000e+00
136 0.000000e+00
137 0.000000e+00
138 0.000000e+00
139 0.000000e+00
140 1.734004e-08
141 1.298883e-08
142 9.336333e-09
143 6.468210e-09
144 4.271866e-09
145 2.748957e-09
146 1.785284e-09
147 1.177371e-09
148 7.954305e-10
149 5.461182e-10
150 3.747705e-10
151 2.522547e-10
152 1.638505e-10
153 1.015446e-10
154 5.969662e-11
155 0.000000e+00
156 0.000000e+00
157 0.000000e+00
158 0.000000e+00
159 0.000000e+00
160 1.930537e-08
161 1.453954e-08
162 1.048990e-08
163 7.301533e-09
164 4.837830e-09
165 3.109026e-09
166 2.014658e-09
167 1.323746e-09
168 8.916819e-10
169 6.114838e-10
170 4.201389e-10
171 2.837371e-10
172 1.851929e-10
173 1.154192e-10
174 6.824296e-11
175 0.000000e+00
176 0.000000e+00
177 0.000000e+00
178 0.000000e+00
179 0.000000e+00
180 2.096998e-08
181 1.602396e-08
182 1.167056e-08
183 8.198199e-09
184 5.514416e-09
185 3.558984e-09
186 2.296727e-09
187 1.497674e-09
188 9.991373e-10
189 6.798070e-10
190 4.656548e-10
191 3.153154e-10
192 2.074710e-10
193 1.309272e-10
194 7.862062e-11
195 0.000000e+00
196 0.000000e+00
197 0.000000e+00
198 0.000000e+00
199 0.000000e+00
200 2.533208e-08
201 1.967518e-08
202 1.449469e-08
203 1.028101e-08
204 7.005539e-09
205 4.548230e-09
206 2.919000e-09
207 1.890772e-09
208 1.249005e-09
209 8.433733e-10
210 5.762705e-10
211 3.915903e-10
212 2.599312e-10
213 1.661298e-10
214 1.012730e-10
215 0.000000e+00
216 0.000000e+00
217 0.000000e+00
218 0.000000e+00
219 0.000000e+00
220 2.940796e-08
221 2.309773e-08
222 1.714555e-08
223 1.224001e-08
224 8.406120e-09
225 5.479622e-09
226 3.504969e-09
227 2.261171e-09
228 1.484104e-09
229 9.971107e-10
230 6.801735e-10
231 4.631916e-10
232 3.091665e-10
233 1.991829e-10
234 1.225626e-10
235 0.000000e+00
236 0.000000e+00
237 0.000000e+00
238 0.000000e+00
239 0.000000e+00
240 3.259008e-08
241 2.605957e-08
242 1.963010e-08
243 1.414182e-08
244 9.822422e-09
245 6.504194e-09
246 4.158217e-09
247 2.672976e-09
248 1.736203e-09
249 1.154094e-09
250 7.809340e-10
251 5.303841e-10
252 3.552044e-10
253 2.308653e-10
254 1.439434e-10
255 0.000000e+00
256 0.000000e+00
257 0.000000e+00
258 0.000000e+00
259 0.000000e+00
260 3.997313e-08
261 3.266633e-08
262 2.503319e-08
263 1.825334e-08
264 1.283198e-08
265 8.622592e-09
266 5.525227e-09
267 3.530310e-09
268 2.269899e-09
269 1.491541e-09
270 1.000568e-09
271 6.777700e-10
272 4.557796e-10
273 2.991935e-10
274 1.892230e-10
275 0.000000e+00
276 0.000000e+00
277 0.000000e+00
278 0.000000e+00
279 0.000000e+00
280 5.325081e-08
281 4.528367e-08
282 3.602627e-08
283 2.701417e-08
284 1.938920e-08
285 1.339024e-08
286 8.791723e-09
287 5.579720e-09
288 3.549041e-09
289 2.277777e-09
290 1.492698e-09
291 9.951811e-10
292 6.665018e-10
293 4.411400e-10
294 2.843190e-10
295 0.000000e+00
296 0.000000e+00
297 0.000000e+00
298 0.000000e+00
299 0.000000e+00
