0 1.137604e-04
1 8.550043e-05
2 6.580659e-05
3 4.560613e-05
4 2.864780e-05
5 1.808687e-05
6 1.141861e-05
7 0.000000e+00
8 0.000000e+00
9 0.000000e+00
10 0.000000e+00
11 0.000000e+00
12 0.000000e+00
13 0.000000e+00
14 0.000000e+00
15 0.000000e+00
16 0.000000e+00
17 0.000000e+00
18 0.000000e+00
19 0.000000e+00
20 7.787494e-05
21 6.201503e-05
22 4.633183e-05
23 3.590394e-05
24 2.416746e-05
25 1.532601e-05
26 9.440827e-06
27 5.928634e-06
28 0.000000e+00
29 0.000000e+00
30 0.000000e+00
31 0.000000e+00
32 0.000000e+00
33 0.000000e+00
34 0.000000e+00
35 0.000000e+00
36 0.000000e+00
37 0.000000e+00
38 0.000000e+00
39 0.000000e+00
40 5.519800e-05
41 4.802853e-05
42 3.689529e-05
43 2.771080e-05
44 2.135684e-05
45 1.314107e-05
46 8.654026e-06
47 5.256857e-06
48 3.255229e-06
49 0.000000e+00
50 0.000000e+00
51 0.000000e+00
52 0.000000e+00
53 0.000000e+00
54 0.000000e+00
55 0.000000e+00
56 0.000000e+00
57 0.000000e+00
58 0.000000e+00
59 0.000000e+00
60 4.068992e-05
61 3.802435e-05
62 3.097889e-05
63 2.310315e-05
64 1.782141e-05
65 1.260031e-05
66 7.691129e-06
67 4.738056e-06
68 2.929492e-06
69 0.000000e+00
70 0.000000e+00
71 0.000000e+00
72 0.000000e+00
73 0.000000e+00
74 0.000000e+00
75 0.000000e+00
76 0.000000e+00
77 0.000000e+00
78 0.000000e+00
79 0.000000e+00
80 3.122331e-05
81 3.071723e-05
82 2.654262e-05
83 2.025440e-05
84 1.522930e-05
85 1.171567e-05
86 7.036497e-06
87 4.636766e-06
88 2.788362e-06
89 1.685697e-06
90 0.000000e+00
91 0.000000e+00
92 0.000000e+00
93 0.000000e+00
94 0.000000e+00
95 0.000000e+00
96 0.000000e+00
97 0.000000e+00
98 0.000000e+00
99 0.000000e+00
100 2.483110e-05
101 2.535477e-05
102 2.301950e-05
103 1.821131e-05
104 1.353618e-05
105 1.055016e-05
106 6.926209e-06
107 4.421343e-06
108 2.615476e-06
109 1.594292e-06
110 0.000000e+00
111 0.000000e+00
112 0.000000e+00
113 0.000000e+00
114 0.000000e+00
115 0.000000e+00
116 0.000000e+00
117 0.000000e+00
118 0.000000e+00
119 0.000000e+00
120 2.035807e-05
121 2.137381e-05
122 2.018679e-05
123 1.659868e-05
124 1.238461e-05
125 9.518517e-06
126 6.852139e-06
127 4.092723e-06
128 2.509577e-06
129 1.519429e-06
130 0.000000e+00
131 0.000000e+00
132 0.000000e+00
133 0.000000e+00
134 0.000000e+00
135 0.000000e+00
136 0.000000e+00
137 0.000000e+00
138 0.000000e+00
139 0.000000e+00
140 1.712010e-05
141 1.836528e-05
142 1.789708e-05
143 1.525822e-05
144 1.154322e-05
145 8.724421e-06
146 6.638176e-06
147 3.898757e-06
148 2.528697e-06
149 1.505549e-06
150 8.884276e-07
151 0.000000e+00
152 0.000000e+00
153 0.000000e+00
154 0.000000e+00
155 0.000000e+00
156 0.000000e+00
157 0.000000e+00
158 0.000000e+00
159 0.000000e+00
160 1.470420e-05
161 1.604676e-05
162 1.603493e-05
163 1.411615e-05
164 1.088707e-05
165 8.133231e-06
166 6.331315e-06
167 3.854793e-06
168 2.540362e-06
169 1.488811e-06
170 8.710079e-07
171 0.000000e+00
172 0.000000e+00
173 0.000000e+00
174 0.000000e+00
175 0.000000e+00
176 0.000000e+00
177 0.000000e+00
178 0.000000e+00
179 0.000000e+00
180 1.285770e-05
181 1.422984e-05
182 1.451252e-05
183 1.313523e-05
184 1.035130e-05
185 7.691127e-06
186 6.006776e-06
187 3.881251e-06
188 2.488525e-06
189 1.443674e-06
190 8.576445e-07
191 0.000000e+00
192 0.000000e+00
193 0.000000e+00
194 0.000000e+00
195 0.000000e+00
196 0.000000e+00
197 0.000000e+00
198 0.000000e+00
199 0.000000e+00
