0 2.690636e-09
1 1.844956e-09
2 1.224783e-09
3 8.037816e-10
4 5.337152e-10
5 3.609586e-10
6 2.485239e-10
7 1.721739e-10
8 1.179430e-10
9 7.854408e-11
10 5.016847e-11
11 3.047966e-11
12 1.756655e-11
13 9.630347e-12
14 5.056522e-12
15 0.000000e+00
16 0.000000e+00
17 0.000000e+00
18 0.000000e+00
19 0.000000e+00
20 4.501563e-09
21 3.155517e-09
22 2.129967e-09
23 1.396243e-09
24 9.152608e-10
25 6.090941e-10
26 4.137441e-10
27 2.854807e-10
28 1.971908e-10
29 1.338919e-10
30 8.791235e-11
31 5.515427e-11
32 3.284954e-11
33 1.856005e-11
34 9.992064e-12
35 0.000000e+00
36 0.000000e+00
37 0.000000e+00
38 0.000000e+00
39 0.000000e+00
40 5.250021e-09
41 3.705260e-09
42 2.518601e-09
43 1.655817e-09
44 1.081998e-09
45 7.166458e-10
46 4.841868e-10
47 3.330524e-10
48 2.301851e-10
49 1.569592e-10
50 1.038369e-10
51 6.578341e-11
52 3.959977e-11
53 2.260891e-11
54 1.228448e-11
55 0.000000e+00
56 0.000000e+00
57 0.000000e+00
58 0.000000e+00
59 0.000000e+00
60 5.718823e-09
61 4.051055e-09
62 2.762858e-09
63 1.818969e-09
64 1.186880e-09
65 7.843280e-10
66 5.285294e-10
67 3.629659e-10
68 2.508838e-10
69 1.714511e-10
70 1.138393e-10
71 7.245484e-11
72 4.384034e-11
73 2.515546e-11
74 1.372871e-11
75 0.000000e+00
76 0.000000e+00
77 0.000000e+00
78 0.000000e+00
79 0.000000e+00
80 6.144103e-09
81 4.363637e-09
82 2.984084e-09
83 1.966827e-09
84 1.281992e-09
85 8.456729e-10
86 5.686811e-10
87 3.900706e-10
88 2.696485e-10
89 1.845690e-10
90 1.228972e-10
91 7.849990e-11
92 4.768346e-11
93 2.746387e-11
94 1.503733e-11
95 0.000000e+00
96 0.000000e+00
97 0.000000e+00
98 0.000000e+00
99 0.000000e+00
100 9.326350e-09
101 6.748970e-09
102 4.709202e-09
103 3.148463e-09
104 2.043216e-09
105 1.333029e-09
106 8.827154e-10
107 5.981195e-10
108 4.120030e-10
109 2.840380e-10
110 1.923199e-10
111 1.257826e-10
112 7.852045e-11
113 4.649348e-11
114 2.610197e-11
115 0.000000e+00
116 0.000000e+00
117 0.000000e+00
118 0.000000e+00
119 0.000000e+00
120 1.215022e-08
121 8.916944e-09
122 6.305392e-09
123 4.281202e-09
124 2.790313e-09
125 1.808268e-09
126 1.186090e-09
127 7.944980e-10
128 5.434986e-10
129 3.746411e-10
130 2.555707e-10
131 1.694717e-10
132 1.077329e-10
133 6.509948e-11
134 3.728973e-11
135 0.000000e+00
136 0.000000e+00
137 0.000000e+00
138 0.000000e+00
139 0.000000e+00
140 1.403240e-08
141 1.037386e-08
142 7.381757e-09
143 5.047686e-09
144 3.302322e-09
145 2.134210e-09
146 1.394131e-09
147 9.288203e-10
148 6.326949e-10
149 4.358023e-10
150 2.981532e-10
151 1.988972e-10
152 1.274862e-10
153 7.776423e-11
154 4.496948e-11
155 0.000000e+00
156 0.000000e+00
157 0.000000e+00
158 0.000000e+00
159 0.000000e+00
160 1.573728e-08
161 1.169567e-08
162 8.358831e-09
163 5.744689e-09
164 3.767745e-09
165 2.430696e-09
166 1.583266e-09
167 1.050812e-09
168 7.137590e-10
169 4.913611e-10
170 3.368287e-10
171 2.256369e-10
172 1.454375e-10
173 8.927577e-11
174 5.195169e-11
175 0.000000e+00
176 0.000000e+00
177 0.000000e+00
178 0.000000e+00
179 0.000000e+00
180 1.747486e-08
181 1.315677e-08
182 9.485417e-09
183 6.594426e-09
184 4.380710e-09
185 2.822708e-09
186 1.831128e-09
187 1.204139e-09
188 8.106013e-10
189 5.548425e-10
190 3.802330e-10
191 2.561156e-10
192 1.668166e-10
193 1.038512e-10
194 6.140897e-11
195 0.000000e+00
196 0.000000e+00
197 0.000000e+00
198 0.000000e+00
199 0.000000e+00
200 2.159531e-08
201 1.653350e-08
202 1.206229e-08
203 8.481039e-09
204 5.712551e-09
205 3.690019e-09
206 2.379457e-09
207 1.550589e-09
208 1.033213e-09
209 7.024166e-10
210 4.810327e-10
211 3.258946e-10
212 2.146678e-10
213 1.356754e-10
214 8.161713e-11
215 0.000000e+00
216 0.000000e+00
217 0.000000e+00
218 0.000000e+00
219 0.000000e+00
220 2.543196e-08
221 1.969875e-08
222 1.448269e-08
223 1.026261e-08
224 6.971441e-09
225 4.515135e-09
226 2.901038e-09
227 1.880309e-09
228 1.244406e-09
229 8.419111e-10
230 5.760511e-10
231 3.915510e-10
232 2.596888e-10
233 1.656675e-10
234 1.007224e-10
235 0.000000e+00
236 0.000000e+00
237 0.000000e+00
238 0.000000e+00
239 0.000000e+00
240 2.865991e-08
241 2.260249e-08
242 1.684691e-08
243 1.204636e-08
244 8.294711e-09
245 5.442547e-09
246 3.483737e-09
247 2.247519e-09
248 1.471150e-09
249 9.850888e-10
250 6.696981e-10
251 4.550507e-10
252 3.035441e-10
253 1.957858e-10
254 1.208230e-10
255 0.000000e+00
256 0.000000e+00
257 0.000000e+00
258 0.000000e+00
259 0.000000e+00
260 3.598337e-08
261 2.904613e-08
262 2.203834e-08
263 1.596386e-08
264 1.114833e-08
265 7.424786e-09
266 4.750086e-09
267 3.044629e-09
268 1.968778e-09
269 1.302257e-09
270 8.782101e-10
271 5.960419e-10
272 4.000660e-10
273 2.612372e-10
274 1.639243e-10
275 0.000000e+00
276 0.000000e+00
277 0.000000e+00
278 0.000000e+00
279 0.000000e+00
280 4.973189e-08
281 4.192934e-08
282 3.309553e-08
283 2.466740e-08
284 1.763227e-08
285 1.211252e-08
286 7.912585e-09
287 5.027346e-09
288 3.203929e-09
289 2.065937e-09
290 1.360353e-09
291 9.100393e-10
292 6.101156e-10
293 4.032203e-10
294 2.589297e-10
295 0.000000e+00
296 0.000000e+00
297 0.000000e+00
298 0.000000e+00
299 0.000000e+00
