0 5.201684e-09
1 3.679825e-09
2 2.510752e-09
3 1.657009e-09
4 1.082643e-09
5 7.163069e-10
6 4.827253e-10
7 3.312189e-10
8 2.284827e-10
9 1.557548e-10
10 1.031787e-10
11 6.557632e-11
12 3.965511e-11
13 2.276208e-11
14 1.243442e-11
15 0.000000e+00
16 0.000000e+00
17 0.000000e+00
18 0.000000e+00
19 0.000000e+00
20 8.592025e-09
21 6.216942e-09
22 4.337167e-09
23 2.909815e-09
24 1.894819e-09
25 1.236629e-09
26 8.191278e-10
27 5.541646e-10
28 3.808163e-10
29 2.618364e-10
30 1.769046e-10
31 1.155710e-10
32 7.217195e-11
33 4.281204e-11
34 2.410471e-11
35 0.000000e+00
36 0.000000e+00
37 0.000000e+00
38 0.000000e+00
39 0.000000e+00
40 9.755340e-09
41 7.102504e-09
42 4.982690e-09
43 3.361783e-09
44 2.191882e-09
45 1.425516e-09
46 9.405545e-10
47 6.335334e-10
48 4.343116e-10
49 2.988479e-10
50 2.026847e-10
51 1.332519e-10
52 8.386438e-11
53 5.016880e-11
54 2.847675e-11
55 0.000000e+00
56 0.000000e+00
57 0.000000e+00
58 0.000000e+00
59 0.000000e+00
60 1.049085e-08
61 7.660690e-09
62 5.390225e-09
63 3.647355e-09
64 2.379078e-09
65 1.545149e-09
66 1.017349e-09
67 6.836946e-10
68 4.681099e-10
69 3.221597e-10
70 2.189241e-10
71 1.443873e-10
72 9.123285e-11
73 5.480591e-11
74 3.123279e-11
75 0.000000e+00
76 0.000000e+00
77 0.000000e+00
78 0.000000e+00
79 0.000000e+00
80 1.112628e-08
81 8.144676e-09
82 5.742802e-09
83 3.894163e-09
84 2.540366e-09
85 1.648424e-09
86 1.083624e-09
87 7.269429e-10
88 4.972663e-10
89 3.423592e-10
90 2.330022e-10
91 1.540392e-10
92 9.761774e-11
93 5.882407e-11
94 3.362125e-11
95 0.000000e+00
96 0.000000e+00
97 0.000000e+00
98 0.000000e+00
99 0.000000e+00
100 1.781562e-08
101 1.343093e-08
102 9.692001e-09
103 6.745070e-09
104 4.485853e-09
105 2.889957e-09
106 1.873732e-09
107 1.230835e-09
108 8.280734e-10
109 5.665454e-10
110 3.883069e-10
111 2.617277e-10
112 1.706578e-10
113 1.063868e-10
114 6.299999e-11
115 0.000000e+00
116 0.000000e+00
117 0.000000e+00
118 0.000000e+00
119 0.000000e+00
120 2.231862e-08
121 1.712524e-08
122 1.251355e-08
123 8.813090e-09
124 5.946651e-09
125 3.842063e-09
126 2.475493e-09
127 1.611134e-09
128 1.072104e-09
129 7.281608e-10
130 4.986610e-10
131 3.381222e-10
132 2.230748e-10
133 1.412815e-10
134 8.518488e-11
135 0.000000e+00
136 0.000000e+00
137 0.000000e+00
138 0.000000e+00
139 0.000000e+00
140 2.520425e-08
141 1.950715e-08
142 1.433443e-08
143 1.015273e-08
144 6.893314e-09
145 4.462363e-09
146 2.866456e-09
147 1.858556e-09
148 1.230605e-09
149 8.328995e-10
150 5.700091e-10
151 3.874605e-10
152 2.569303e-10
153 1.638457e-10
154 9.955996e-11
155 0.000000e+00
156 0.000000e+00
157 0.000000e+00
158 0.000000e+00
159 0.000000e+00
160 2.770663e-08
161 2.157022e-08
162 1.591177e-08
163 1.131028e-08
164 7.712683e-09
165 4.999181e-09
166 3.205423e-09
167 2.072624e-09
168 1.367790e-09
169 9.235416e-10
170 6.317303e-10
171 4.301438e-10
172 2.862172e-10
173 1.833643e-10
174 1.119948e-10
175 0.000000e+00
176 0.000000e+00
177 0.000000e+00
178 0.000000e+00
179 0.000000e+00
180 3.042853e-08
181 2.414244e-08
182 1.807863e-08
183 1.296824e-08
184 8.965461e-09
185 5.904710e-09
186 3.775632e-09
187 2.431976e-09
188 1.586337e-09
189 1.058860e-09
190 7.185422e-10
191 4.882790e-10
192 3.263801e-10
193 2.112819e-10
194 1.310034e-10
195 0.000000e+00
196 0.000000e+00
197 0.000000e+00
198 0.000000e+00
199 0.000000e+00
200 3.625577e-08
201 2.930354e-08
202 2.225283e-08
203 1.613184e-08
204 1.127139e-08
205 7.515381e-09
206 4.805698e-09
207 3.080256e-09
208 1.990155e-09
209 1.315502e-09
210 8.867202e-10
211 6.017693e-10
212 4.040410e-10
213 2.640116e-10
214 1.658197e-10
215 0.000000e+00
216 0.000000e+00
217 0.000000e+00
218 0.000000e+00
219 0.000000e+00
220 4.132566e-08
221 3.379624e-08
222 2.589799e-08
223 1.888421e-08
224 1.328261e-08
225 8.921039e-09
226 5.706971e-09
227 3.646050e-09
228 2.342906e-09
229 1.539669e-09
230 1.033430e-09
231 7.006933e-10
232 4.717002e-10
233 3.099462e-10
234 1.961590e-10
235 0.000000e+00
236 0.000000e+00
237 0.000000e+00
238 0.000000e+00
239 0.000000e+00
240 4.569839e-08
241 3.808124e-08
242 2.971952e-08
243 2.195452e-08
244 1.558507e-08
245 1.062333e-08
246 6.882426e-09
247 4.373909e-09
248 2.796879e-09
249 1.815921e-09
250 1.204447e-09
251 8.102936e-10
252 5.444302e-10
253 3.592550e-10
254 2.295768e-10
255 0.000000e+00
256 0.000000e+00
257 0.000000e+00
258 0.000000e+00
259 0.000000e+00
260 5.451980e-08
261 4.639300e-08
262 3.689984e-08
263 2.764563e-08
264 1.983137e-08
265 1.369741e-08
266 8.977950e-09
267 5.686005e-09
268 3.616761e-09
269 2.320746e-09
270 1.521892e-09
271 1.015981e-09
272 6.814487e-10
273 4.516607e-10
274 2.914114e-10
275 0.000000e+00
276 0.000000e+00
277 0.000000e+00
278 0.000000e+00
279 0.000000e+00
280 6.915931e-08
281 6.090994e-08
282 5.018769e-08
283 3.874620e-08
284 2.838594e-08
285 1.999972e-08
286 1.347243e-08
287 8.618256e-09
288 5.433358e-09
289 3.431973e-09
290 2.200463e-09
291 1.438470e-09
292 9.522994e-10
293 6.297570e-10
294 4.097064e-10
295 0.000000e+00
296 0.000000e+00
297 0.000000e+00
298 0.000000e+00
299 0.000000e+00
300 8.219854e-07
301 6.280174e-07
302 4.771838e-07
303 3.501530e-07
304 2.209893e-07
305 1.419496e-07
306 8.836706e-08
307 0.000000e+00
308 0.000000e+00
309 0.000000e+00
310 0.000000e+00
311 0.000000e+00
312 0.000000e+00
313 0.000000e+00
314 0.000000e+00
315 0.000000e+00
316 0.000000e+00
317 0.000000e+00
318 0.000000e+00
319 0.000000e+00
320 1.034277e-06
321 7.915287e-07
322 6.009463e-07
323 4.426504e-07
324 2.799033e-07
325 1.798334e-07
326 1.118660e-07
327 0.000000e+00
328 0.000000e+00
329 0.000000e+00
330 0.000000e+00
331 0.000000e+00
332 0.000000e+00
333 0.000000e+00
334 0.000000e+00
335 0.000000e+00
336 0.000000e+00
337 0.000000e+00
338 0.000000e+00
339 0.000000e+00
340 1.168185e-06
341 8.946731e-07
342 6.790122e-07
343 5.009979e-07
344 3.170616e-07
345 2.037287e-07
346 1.266881e-07
347 0.000000e+00
348 0.000000e+00
349 0.000000e+00
350 0.000000e+00
351 0.000000e+00
352 0.000000e+00
353 0.000000e+00
354 0.000000e+00
355 0.000000e+00
356 0.000000e+00
357 0.000000e+00
358 0.000000e+00
359 0.000000e+00
360 1.284082e-06
361 9.839400e-07
362 7.465800e-07
363 5.514982e-07
364 3.492214e-07
365 2.244090e-07
366 1.395159e-07
367 0.000000e+00
368 0.000000e+00
369 0.000000e+00
370 0.000000e+00
371 0.000000e+00
372 0.000000e+00
373 0.000000e+00
374 0.000000e+00
375 0.000000e+00
376 0.000000e+00
377 0.000000e+00
378 0.000000e+00
379 0.000000e+00
380 5.249140e-07
381 4.309118e-07
382 3.241634e-07
383 2.484977e-07
384 1.771262e-07
385 1.095309e-07
386 6.936139e-08
387 4.310764e-08
388 0.000000e+00
389 0.000000e+00
390 0.000000e+00
391 0.000000e+00
392 0.000000e+00
393 0.000000e+00
394 0.000000e+00
395 0.000000e+00
396 0.000000e+00
397 0.000000e+00
398 0.000000e+00
399 0.000000e+00
400 7.752092e-07
401 6.395894e-07
402 4.818533e-07
403 3.688015e-07
404 2.649463e-07
405 1.635697e-07
406 1.039449e-07
407 6.448099e-08
408 0.000000e+00
409 0.000000e+00
410 0.000000e+00
411 0.000000e+00
412 0.000000e+00
413 0.000000e+00
414 0.000000e+00
415 0.000000e+00
416 0.000000e+00
417 0.000000e+00
418 0.000000e+00
419 0.000000e+00
420 9.330904e-07
421 7.712308e-07
422 5.813368e-07
423 4.446952e-07
424 3.203469e-07
425 1.976666e-07
426 1.257637e-07
427 7.796492e-08
428 0.000000e+00
429 0.000000e+00
430 0.000000e+00
431 0.000000e+00
432 0.000000e+00
433 0.000000e+00
434 0.000000e+00
435 0.000000e+00
436 0.000000e+00
437 0.000000e+00
438 0.000000e+00
439 0.000000e+00
440 1.069726e-06
441 8.851553e-07
442 6.674280e-07
443 5.103765e-07
444 3.682925e-07
445 2.271733e-07
446 1.446462e-07
447 8.963472e-08
448 0.000000e+00
449 0.000000e+00
450 0.000000e+00
451 0.000000e+00
452 0.000000e+00
453 0.000000e+00
454 0.000000e+00
455 0.000000e+00
456 0.000000e+00
457 0.000000e+00
458 0.000000e+00
459 0.000000e+00
460 5.393146e-07
461 4.832576e-07
462 3.800520e-07
463 2.840877e-07
464 2.197391e-07
465 1.432399e-07
466 9.171234e-08
467 5.570043e-08
468 3.451588e-08
469 0.000000e+00
470 0.000000e+00
471 0.000000e+00
472 0.000000e+00
473 0.000000e+00
474 0.000000e+00
475 0.000000e+00
476 0.000000e+00
477 0.000000e+00
478 0.000000e+00
479 0.000000e+00
480 7.082816e-07
481 6.360529e-07
482 5.011139e-07
483 3.744981e-07
484 2.897084e-07
485 1.896337e-07
486 1.211566e-07
487 7.362090e-08
488 4.561315e-08
489 0.000000e+00
490 0.000000e+00
491 0.000000e+00
492 0.000000e+00
493 0.000000e+00
494 0.000000e+00
495 0.000000e+00
496 0.000000e+00
497 0.000000e+00
498 0.000000e+00
499 0.000000e+00
500 8.544985e-07
501 7.682756e-07
502 6.058791e-07
503 4.527366e-07
504 3.502596e-07
505 2.297821e-07
506 1.466368e-07
507 8.912865e-08
508 5.521669e-08
509 0.000000e+00
510 0.000000e+00
511 0.000000e+00
512 0.000000e+00
513 0.000000e+00
514 0.000000e+00
515 0.000000e+00
516 0.000000e+00
517 0.000000e+00
518 0.000000e+00
519 0.000000e+00
520 3.530222e-07
521 3.368485e-07
522 2.810739e-07
523 2.114003e-07
524 1.613165e-07
525 1.185808e-07
526 7.139609e-08
527 4.537604e-08
528 2.772924e-08
529 0.000000e+00
530 0.000000e+00
531 0.000000e+00
532 0.000000e+00
533 0.000000e+00
534 0.000000e+00
535 0.000000e+00
536 0.000000e+00
537 0.000000e+00
538 0.000000e+00
539 0.000000e+00
540 5.257350e-07
541 5.029346e-07
542 4.208913e-07
543 3.169274e-07
544 2.415453e-07
545 1.782933e-07
546 1.072893e-07
547 6.839537e-08
548 4.173876e-08
549 0.000000e+00
550 0.000000e+00
551 0.000000e+00
552 0.000000e+00
553 0.000000e+00
554 0.000000e+00
555 0.000000e+00
556 0.000000e+00
557 0.000000e+00
558 0.000000e+00
559 0.000000e+00
560 6.750758e-07
561 6.465345e-07
562 5.417766e-07
563 4.081655e-07
564 3.109098e-07
565 2.299167e-07
566 1.383216e-07
567 8.829578e-08
568 5.385039e-08
569 0.000000e+00
570 0.000000e+00
571 0.000000e+00
572 0.000000e+00
573 0.000000e+00
574 0.000000e+00
575 0.000000e+00
576 0.000000e+00
577 0.000000e+00
578 0.000000e+00
579 0.000000e+00
580 2.124648e-07
581 2.119856e-07
582 1.866710e-07
583 1.443862e-07
584 1.080103e-07
585 8.364966e-08
586 5.193836e-08
587 3.393083e-08
588 2.024308e-08
589 1.226663e-08
590 0.000000e+00
591 0.000000e+00
592 0.000000e+00
593 0.000000e+00
594 0.000000e+00
595 0.000000e+00
596 0.000000e+00
597 0.000000e+00
598 0.000000e+00
599 0.000000e+00
600 3.851025e-07
601 3.854769e-07
602 3.409177e-07
603 2.645364e-07
604 1.976984e-07
605 1.532862e-07
606 9.592479e-08
607 6.248092e-08
608 3.723319e-08
609 2.257292e-08
610 0.000000e+00
611 0.000000e+00
612 0.000000e+00
613 0.000000e+00
614 0.000000e+00
615 0.000000e+00
616 0.000000e+00
617 0.000000e+00
618 0.000000e+00
619 0.000000e+00
620 5.342630e-07
621 5.353836e-07
622 4.742024e-07
623 3.683630e-07
624 2.752029e-07
625 2.134605e-07
626 1.339418e-07
627 8.715247e-08
628 5.191591e-08
629 3.147944e-08
630 0.000000e+00
631 0.000000e+00
632 0.000000e+00
633 0.000000e+00
634 0.000000e+00
635 0.000000e+00
636 0.000000e+00
637 0.000000e+00
638 0.000000e+00
639 0.000000e+00
640 2.776044e-07
641 2.871997e-07
642 2.657001e-07
643 2.141129e-07
644 1.593748e-07
645 1.234223e-07
646 8.483369e-08
647 5.237351e-08
648 3.146721e-08
649 1.913831e-08
650 0.000000e+00
651 0.000000e+00
652 0.000000e+00
653 0.000000e+00
654 0.000000e+00
655 0.000000e+00
656 0.000000e+00
657 0.000000e+00
658 0.000000e+00
659 0.000000e+00
660 4.249527e-07
661 4.401530e-07
662 4.078801e-07
663 3.292241e-07
664 2.451058e-07
665 1.897010e-07
666 1.308866e-07
667 8.059354e-08
668 4.850221e-08
669 2.948930e-08
670 0.000000e+00
671 0.000000e+00
672 0.000000e+00
673 0.000000e+00
674 0.000000e+00
675 0.000000e+00
676 0.000000e+00
677 0.000000e+00
678 0.000000e+00
679 0.000000e+00
680 1.947281e-07
681 2.065189e-07
682 1.979681e-07
683 1.656203e-07
684 1.243728e-07
685 9.481465e-08
686 7.018218e-08
687 4.150191e-08
688 2.617545e-08
689 1.571448e-08
690 0.000000e+00
691 0.000000e+00
692 0.000000e+00
693 0.000000e+00
694 0.000000e+00
695 0.000000e+00
696 0.000000e+00
697 0.000000e+00
698 0.000000e+00
699 0.000000e+00
700 3.395762e-07
701 3.606116e-07
702 3.463423e-07
703 2.903988e-07
704 2.182706e-07
705 1.662280e-07
706 1.234472e-07
707 7.294873e-08
708 4.615862e-08
709 2.768257e-08
710 0.000000e+00
711 0.000000e+00
712 0.000000e+00
713 0.000000e+00
714 0.000000e+00
715 0.000000e+00
716 0.000000e+00
717 0.000000e+00
718 0.000000e+00
719 0.000000e+00
720 1.300236e-07
721 1.405688e-07
722 1.385647e-07
723 1.198949e-07
724 9.151051e-08
725 6.878034e-08
726 5.292294e-08
727 3.158681e-08
728 2.067113e-08
729 1.221557e-08
730 7.169928e-09
731 0.000000e+00
732 0.000000e+00
733 0.000000e+00
734 0.000000e+00
735 0.000000e+00
736 0.000000e+00
737 0.000000e+00
738 0.000000e+00
739 0.000000e+00
740 2.721196e-07
741 2.946629e-07
742 2.911492e-07
743 2.526873e-07
744 1.932260e-07
745 1.450777e-07
746 1.118564e-07
747 6.700915e-08
748 4.389756e-08
749 2.590206e-08
750 1.519607e-08
751 0.000000e+00
752 0.000000e+00
753 0.000000e+00
754 0.000000e+00
755 0.000000e+00
756 0.000000e+00
757 0.000000e+00
758 0.000000e+00
759 0.000000e+00
760 2.181425e-07
761 2.399411e-07
762 2.425461e-07
763 2.169269e-07
764 1.693881e-07
765 1.261403e-07
766 9.839128e-08
767 6.201261e-08
768 4.022763e-08
769 2.343523e-08
770 1.383265e-08
771 0.000000e+00
772 0.000000e+00
773 0.000000e+00
774 0.000000e+00
775 0.000000e+00
776 0.000000e+00
777 0.000000e+00
778 0.000000e+00
779 0.000000e+00
780 1.744181e-07
781 1.943330e-07
782 2.001335e-07
783 1.836658e-07
784 1.466129e-07
785 1.089235e-07
786 8.476457e-08
787 5.674418e-08
788 3.544745e-08
789 2.067853e-08
790 1.231423e-08
791 0.000000e+00
792 0.000000e+00
793 0.000000e+00
794 0.000000e+00
795 0.000000e+00
796 0.000000e+00
797 0.000000e+00
798 0.000000e+00
799 0.000000e+00
800 9.193166e-05
801 6.996844e-05
802 5.315827e-05
803 3.970182e-05
804 2.457502e-05
805 1.596764e-05
806 9.911333e-06
807 0.000000e+00
808 0.000000e+00
809 0.000000e+00
810 0.000000e+00
811 0.000000e+00
812 0.000000e+00
813 0.000000e+00
814 0.000000e+00
815 0.000000e+00
816 0.000000e+00
817 0.000000e+00
818 0.000000e+00
819 0.000000e+00
820 6.322163e-05
821 5.228449e-05
822 3.925708e-05
823 3.008290e-05
824 2.185032e-05
825 1.330421e-05
826 8.463485e-06
827 5.261708e-06
828 0.000000e+00
829 0.000000e+00
830 0.000000e+00
831 0.000000e+00
832 0.000000e+00
833 0.000000e+00
834 0.000000e+00
835 0.000000e+00
836 0.000000e+00
837 0.000000e+00
838 0.000000e+00
839 0.000000e+00
840 4.510272e-05
841 4.062631e-05
842 3.200193e-05
843 2.384888e-05
844 1.855401e-05
845 1.210874e-05
846 7.792772e-06
847 4.698145e-06
848 2.912891e-06
849 0.000000e+00
850 0.000000e+00
851 0.000000e+00
852 0.000000e+00
853 0.000000e+00
854 0.000000e+00
855 0.000000e+00
856 0.000000e+00
857 0.000000e+00
858 0.000000e+00
859 0.000000e+00
860 3.360801e-05
861 3.225400e-05
862 2.705114e-05
863 2.034601e-05
864 1.549171e-05
865 1.153179e-05
866 6.861552e-06
867 4.393262e-06
868 2.682047e-06
869 0.000000e+00
870 0.000000e+00
871 0.000000e+00
872 0.000000e+00
873 0.000000e+00
874 0.000000e+00
875 0.000000e+00
876 0.000000e+00
877 0.000000e+00
878 0.000000e+00
879 0.000000e+00
880 2.608289e-05
881 2.618560e-05
882 2.323209e-05
883 1.804273e-05
884 1.345899e-05
885 1.048139e-05
886 6.549900e-06
887 4.296196e-06
888 2.551775e-06
889 1.544123e-06
890 0.000000e+00
891 0.000000e+00
892 0.000000e+00
893 0.000000e+00
894 0.000000e+00
895 0.000000e+00
896 0.000000e+00
897 0.000000e+00
898 0.000000e+00
899 0.000000e+00
900 2.096677e-05
901 2.175132e-05
902 2.019422e-05
903 1.631368e-05
904 1.213238e-05
905 9.396509e-06
906 6.506563e-06
907 3.995204e-06
908 2.393835e-06
909 1.458822e-06
910 0.000000e+00
911 0.000000e+00
912 0.000000e+00
913 0.000000e+00
914 0.000000e+00
915 0.000000e+00
916 0.000000e+00
917 0.000000e+00
918 0.000000e+00
919 0.000000e+00
920 1.735812e-05
921 1.845953e-05
922 1.776233e-05
923 1.491550e-05
924 1.120728e-05
925 8.528602e-06
926 6.364643e-06
927 3.737832e-06
928 2.372071e-06
929 1.422047e-06
930 0.000000e+00
931 0.000000e+00
932 0.000000e+00
933 0.000000e+00
934 0.000000e+00
935 0.000000e+00
936 0.000000e+00
937 0.000000e+00
938 0.000000e+00
939 0.000000e+00
940 1.472073e-05
941 1.596094e-05
942 1.579899e-05
943 1.373757e-05
944 1.050943e-05
945 7.882131e-06
946 6.097668e-06
947 3.643689e-06
948 2.400089e-06
949 1.415517e-06
950 8.269178e-07
951 0.000000e+00
952 0.000000e+00
953 0.000000e+00
954 0.000000e+00
955 0.000000e+00
956 0.000000e+00
957 0.000000e+00
958 0.000000e+00
959 0.000000e+00
960 1.274150e-05
961 1.403208e-05
962 1.420908e-05
963 1.273473e-05
964 9.954625e-06
965 7.406533e-06
966 5.785920e-06
967 3.653850e-06
968 2.374436e-06
969 1.380559e-06
970 8.155915e-07
971 0.000000e+00
972 0.000000e+00
973 0.000000e+00
974 0.000000e+00
975 0.000000e+00
976 0.000000e+00
977 0.000000e+00
978 0.000000e+00
979 0.000000e+00
980 1.121261e-05
981 1.250790e-05
982 1.290303e-05
983 1.186760e-05
984 9.488789e-06
985 7.046149e-06
986 5.484005e-06
987 3.688299e-06
988 2.297886e-06
989 1.338070e-06
990 7.983736e-07
991 0.000000e+00
992 0.000000e+00
993 0.000000e+00
994 0.000000e+00
995 0.000000e+00
996 0.000000e+00
997 0.000000e+00
998 0.000000e+00
999 0.000000e+00
