0 3.899181e-09
1 2.722785e-09
2 1.834164e-09
3 1.203250e-09
4 7.904281e-10
5 5.275217e-10
6 3.590503e-10
7 2.478071e-10
8 1.708396e-10
9 1.155659e-10
10 7.551064e-11
11 4.713567e-11
12 2.793514e-11
13 1.571502e-11
14 8.433152e-12
15 0.000000e+00
16 0.000000e+00
17 0.000000e+00
18 0.000000e+00
19 0.000000e+00
20 6.596345e-09
21 4.710432e-09
22 3.242342e-09
23 2.148325e-09
24 1.397592e-09
25 9.189745e-10
26 6.148759e-10
27 4.200539e-10
28 2.899628e-10
29 1.988763e-10
30 1.330982e-10
31 8.564393e-11
32 5.249553e-11
33 3.051540e-11
34 1.684894e-11
35 0.000000e+00
36 0.000000e+00
37 0.000000e+00
38 0.000000e+00
39 0.000000e+00
40 7.569806e-09
41 5.437627e-09
42 3.766081e-09
43 2.506393e-09
44 1.628666e-09
45 1.067138e-09
46 7.105716e-10
47 4.836205e-10
48 3.334811e-10
49 2.292046e-10
50 1.541941e-10
51 9.996357e-11
52 6.179269e-11
53 3.623385e-11
54 2.016498e-11
55 0.000000e+00
56 0.000000e+00
57 0.000000e+00
58 0.000000e+00
59 0.000000e+00
60 8.169114e-09
61 5.883869e-09
62 4.087371e-09
63 2.726365e-09
64 1.770411e-09
65 1.158020e-09
66 7.694801e-10
67 5.227556e-10
68 3.602827e-10
69 2.478960e-10
70 1.671799e-10
71 1.087739e-10
72 6.750747e-11
73 3.974593e-11
74 2.220023e-11
75 0.000000e+00
76 0.000000e+00
77 0.000000e+00
78 0.000000e+00
79 0.000000e+00
80 8.721400e-09
81 6.294736e-09
82 4.382579e-09
83 2.927653e-09
84 1.900372e-09
85 1.241282e-09
86 8.232303e-10
87 5.584992e-10
88 3.848440e-10
89 2.649423e-10
90 1.790257e-10
91 1.167807e-10
92 7.272082e-11
93 4.294078e-11
94 2.405171e-11
95 0.000000e+00
96 0.000000e+00
97 0.000000e+00
98 0.000000e+00
99 0.000000e+00
100 1.434467e-08
101 1.064637e-08
102 7.596869e-09
103 5.218706e-09
104 3.426299e-09
105 2.211324e-09
106 1.442362e-09
107 9.578317e-10
108 6.505449e-10
109 4.474158e-10
110 3.062199e-10
111 2.047663e-10
112 1.317682e-10
113 8.078745e-11
114 4.697459e-11
115 0.000000e+00
116 0.000000e+00
117 0.000000e+00
118 0.000000e+00
119 0.000000e+00
120 1.844937e-08
121 1.392797e-08
122 1.006436e-08
123 7.011564e-09
124 4.665993e-09
125 3.004818e-09
126 1.946724e-09
127 1.277677e-09
128 8.587801e-10
129 5.874798e-10
130 4.028873e-10
131 2.718652e-10
132 1.775324e-10
133 1.108508e-10
134 6.574433e-11
135 0.000000e+00
136 0.000000e+00
137 0.000000e+00
138 0.000000e+00
139 0.000000e+00
140 2.102040e-08
141 1.599325e-08
142 1.161787e-08
143 8.143154e-09
144 5.450763e-09
145 3.509006e-09
146 2.266665e-09
147 1.480624e-09
148 9.906719e-10
149 6.759793e-10
150 4.638440e-10
151 3.141293e-10
152 2.063722e-10
153 1.298309e-10
154 7.762480e-11
155 0.000000e+00
156 0.000000e+00
157 0.000000e+00
158 0.000000e+00
159 0.000000e+00
160 2.331795e-08
161 1.783693e-08
162 1.300256e-08
163 9.149819e-09
164 6.148321e-09
165 3.957179e-09
166 2.551046e-09
167 1.661167e-09
168 1.108123e-09
169 7.548377e-10
170 5.181752e-10
171 3.517898e-10
172 2.320346e-10
173 1.466912e-10
174 8.816073e-11
175 0.000000e+00
176 0.000000e+00
177 0.000000e+00
178 0.000000e+00
179 0.000000e+00
180 2.632253e-08
181 2.057155e-08
182 1.522565e-08
183 1.083321e-08
184 7.414270e-09
185 4.835731e-09
186 3.099061e-09
187 2.004489e-09
188 1.319088e-09
189 8.875861e-10
190 6.052043e-10
191 4.112179e-10
192 2.735002e-10
193 1.754587e-10
194 1.075059e-10
195 0.000000e+00
196 0.000000e+00
197 0.000000e+00
198 0.000000e+00
199 0.000000e+00
200 3.195805e-08
201 2.545122e-08
202 1.910114e-08
203 1.373443e-08
204 9.514838e-09
205 6.276069e-09
206 4.009315e-09
207 2.579524e-09
208 1.679203e-09
209 1.119064e-09
210 7.588860e-10
211 5.159288e-10
212 3.454066e-10
213 2.241233e-10
214 1.393490e-10
215 0.000000e+00
216 0.000000e+00
217 0.000000e+00
218 0.000000e+00
219 0.000000e+00
220 3.696544e-08
221 2.978216e-08
222 2.253975e-08
223 1.630177e-08
224 1.137628e-08
225 7.552339e-09
226 4.817057e-09
227 3.089675e-09
228 1.998832e-09
229 1.324581e-09
230 8.953518e-10
231 6.088823e-10
232 4.091830e-10
233 2.672475e-10
234 1.675470e-10
235 0.000000e+00
236 0.000000e+00
237 0.000000e+00
238 0.000000e+00
239 0.000000e+00
240 4.150889e-08
241 3.417151e-08
242 2.637837e-08
243 1.933137e-08
244 1.363793e-08
245 9.219794e-09
246 5.936787e-09
247 3.784237e-09
248 2.428183e-09
249 1.587971e-09
250 1.060246e-09
251 7.160385e-10
252 4.812144e-10
253 3.164654e-10
254 2.009443e-10
255 0.000000e+00
256 0.000000e+00
257 0.000000e+00
258 0.000000e+00
259 0.000000e+00
260 5.066158e-08
261 4.264471e-08
262 3.356318e-08
263 2.494246e-08
264 1.779513e-08
265 1.220631e-08
266 7.938273e-09
267 5.033646e-09
268 3.209115e-09
269 2.072425e-09
270 1.368136e-09
271 9.178789e-10
272 6.168337e-10
273 4.082355e-10
274 2.622178e-10
275 0.000000e+00
276 0.000000e+00
277 0.000000e+00
278 0.000000e+00
279 0.000000e+00
280 6.661054e-08
281 5.827192e-08
282 4.768390e-08
283 3.659352e-08
284 2.669719e-08
285 1.874100e-08
286 1.256148e-08
287 8.013341e-09
288 5.061068e-09
289 3.204428e-09
290 2.063507e-09
291 1.354547e-09
292 8.993851e-10
293 5.952760e-10
294 3.868153e-10
295 0.000000e+00
296 0.000000e+00
297 0.000000e+00
298 0.000000e+00
299 0.000000e+00
300 8.589384e-07
301 6.494007e-07
302 4.942032e-07
303 3.411582e-07
304 2.153546e-07
305 1.366045e-07
306 8.620232e-08
307 0.000000e+00
308 0.000000e+00
309 0.000000e+00
310 0.000000e+00
311 0.000000e+00
312 0.000000e+00
313 0.000000e+00
314 0.000000e+00
315 0.000000e+00
316 0.000000e+00
317 0.000000e+00
318 0.000000e+00
319 0.000000e+00
320 1.095282e-06
321 8.285008e-07
322 6.306962e-07
323 4.380318e-07
324 2.762229e-07
325 1.754750e-07
326 1.105798e-07
327 0.000000e+00
328 0.000000e+00
329 0.000000e+00
330 0.000000e+00
331 0.000000e+00
332 0.000000e+00
333 0.000000e+00
334 0.000000e+00
335 0.000000e+00
336 0.000000e+00
337 0.000000e+00
338 0.000000e+00
339 0.000000e+00
340 1.240101e-06
341 9.382439e-07
342 7.143314e-07
343 4.973811e-07
344 3.135143e-07
345 1.992894e-07
346 1.255156e-07
347 0.000000e+00
348 0.000000e+00
349 0.000000e+00
350 0.000000e+00
351 0.000000e+00
352 0.000000e+00
353 0.000000e+00
354 0.000000e+00
355 0.000000e+00
356 0.000000e+00
357 0.000000e+00
358 0.000000e+00
359 0.000000e+00
360 1.369851e-06
361 1.036563e-06
362 7.892512e-07
363 5.505082e-07
364 3.468998e-07
365 2.206049e-07
366 1.388869e-07
367 0.000000e+00
368 0.000000e+00
369 0.000000e+00
370 0.000000e+00
371 0.000000e+00
372 0.000000e+00
373 0.000000e+00
374 0.000000e+00
375 0.000000e+00
376 0.000000e+00
377 0.000000e+00
378 0.000000e+00
379 0.000000e+00
380 5.428227e-07
381 4.297275e-07
382 3.224940e-07
383 2.478834e-07
384 1.651364e-07
385 1.049125e-07
386 6.504685e-08
387 4.084853e-08
388 0.000000e+00
389 0.000000e+00
390 0.000000e+00
391 0.000000e+00
392 0.000000e+00
393 0.000000e+00
394 0.000000e+00
395 0.000000e+00
396 0.000000e+00
397 0.000000e+00
398 0.000000e+00
399 0.000000e+00
400 8.351341e-07
401 6.647386e-07
402 4.988102e-07
403 3.834860e-07
404 2.582611e-07
405 1.632881e-07
406 1.015277e-07
407 6.366620e-08
408 0.000000e+00
409 0.000000e+00
410 0.000000e+00
411 0.000000e+00
412 0.000000e+00
413 0.000000e+00
414 0.000000e+00
415 0.000000e+00
416 0.000000e+00
417 0.000000e+00
418 0.000000e+00
419 0.000000e+00
420 1.013940e-06
421 8.085121e-07
422 6.066874e-07
423 4.664407e-07
424 3.152414e-07
425 1.990077e-07
426 1.238528e-07
427 7.762920e-08
428 0.000000e+00
429 0.000000e+00
430 0.000000e+00
431 0.000000e+00
432 0.000000e+00
433 0.000000e+00
434 0.000000e+00
435 0.000000e+00
436 0.000000e+00
437 0.000000e+00
438 0.000000e+00
439 0.000000e+00
440 1.171924e-06
441 9.355187e-07
442 7.019771e-07
443 5.397234e-07
444 3.655568e-07
445 2.305541e-07
446 1.435666e-07
447 8.995932e-08
448 0.000000e+00
449 0.000000e+00
450 0.000000e+00
451 0.000000e+00
452 0.000000e+00
453 0.000000e+00
454 0.000000e+00
455 0.000000e+00
456 0.000000e+00
457 0.000000e+00
458 0.000000e+00
459 0.000000e+00
460 5.806912e-07
461 5.026124e-07
462 3.859868e-07
463 2.908109e-07
464 2.216847e-07
465 1.377022e-07
466 8.953043e-08
467 5.459615e-08
468 3.397537e-08
469 0.000000e+00
470 0.000000e+00
471 0.000000e+00
472 0.000000e+00
473 0.000000e+00
474 0.000000e+00
475 0.000000e+00
476 0.000000e+00
477 0.000000e+00
478 0.000000e+00
479 0.000000e+00
480 7.772316e-07
481 6.745019e-07
482 5.188467e-07
483 3.906097e-07
484 2.982561e-07
485 1.858236e-07
486 1.207685e-07
487 7.359172e-08
488 4.577543e-08
489 0.000000e+00
490 0.000000e+00
491 0.000000e+00
492 0.000000e+00
493 0.000000e+00
494 0.000000e+00
495 0.000000e+00
496 0.000000e+00
497 0.000000e+00
498 0.000000e+00
499 0.000000e+00
500 9.494176e-07
501 8.250716e-07
502 6.352156e-07
503 4.780259e-07
504 3.653190e-07
505 2.279641e-07
506 1.481245e-07
507 9.022734e-08
508 5.610983e-08
509 0.000000e+00
510 0.000000e+00
511 0.000000e+00
512 0.000000e+00
513 0.000000e+00
514 0.000000e+00
515 0.000000e+00
516 0.000000e+00
517 0.000000e+00
518 0.000000e+00
519 0.000000e+00
520 3.719684e-07
521 3.452865e-07
522 2.799094e-07
523 2.089933e-07
524 1.612791e-07
525 1.125079e-07
526 6.939627e-08
527 4.277212e-08
528 2.640918e-08
529 0.000000e+00
530 0.000000e+00
531 0.000000e+00
532 0.000000e+00
533 0.000000e+00
534 0.000000e+00
535 0.000000e+00
536 0.000000e+00
537 0.000000e+00
538 0.000000e+00
539 0.000000e+00
540 5.756646e-07
541 5.361437e-07
542 4.360973e-07
543 3.258193e-07
544 2.511242e-07
545 1.763703e-07
546 1.083832e-07
547 6.703704e-08
548 4.134866e-08
549 0.000000e+00
550 0.000000e+00
551 0.000000e+00
552 0.000000e+00
553 0.000000e+00
554 0.000000e+00
555 0.000000e+00
556 0.000000e+00
557 0.000000e+00
558 0.000000e+00
559 0.000000e+00
560 7.529579e-07
561 7.022304e-07
562 5.719954e-07
563 4.274678e-07
564 3.292999e-07
565 2.319266e-07
566 1.423025e-07
567 8.814587e-08
568 5.434523e-08
569 0.000000e+00
570 0.000000e+00
571 0.000000e+00
572 0.000000e+00
573 0.000000e+00
574 0.000000e+00
575 0.000000e+00
576 0.000000e+00
577 0.000000e+00
578 0.000000e+00
579 0.000000e+00
580 2.134082e-07
581 2.083705e-07
582 1.785253e-07
583 1.357645e-07
584 1.024712e-07
585 7.797765e-08
586 4.689603e-08
587 3.056818e-08
588 1.845441e-08
589 1.123433e-08
590 0.000000e+00
591 0.000000e+00
592 0.000000e+00
593 0.000000e+00
594 0.000000e+00
595 0.000000e+00
596 0.000000e+00
597 0.000000e+00
598 0.000000e+00
599 0.000000e+00
600 4.177899e-07
601 4.096935e-07
602 3.529252e-07
603 2.692447e-07
604 2.028215e-07
605 1.549998e-07
606 9.370270e-08
607 6.119316e-08
608 3.684563e-08
609 2.239577e-08
610 0.000000e+00
611 0.000000e+00
612 0.000000e+00
613 0.000000e+00
614 0.000000e+00
615 0.000000e+00
616 0.000000e+00
617 0.000000e+00
618 0.000000e+00
619 0.000000e+00
620 5.954681e-07
621 5.847342e-07
622 5.045902e-07
623 3.853420e-07
624 2.900994e-07
625 2.219881e-07
626 1.344298e-07
627 8.783366e-08
628 5.284357e-08
629 3.210559e-08
630 0.000000e+00
631 0.000000e+00
632 0.000000e+00
633 0.000000e+00
634 0.000000e+00
635 0.000000e+00
636 0.000000e+00
637 0.000000e+00
638 0.000000e+00
639 0.000000e+00
640 2.965629e-07
641 3.019004e-07
642 2.730791e-07
643 2.155826e-07
644 1.604567e-07
645 1.248556e-07
646 8.155055e-08
647 5.208594e-08
648 3.093653e-08
649 1.881308e-08
650 0.000000e+00
651 0.000000e+00
652 0.000000e+00
653 0.000000e+00
654 0.000000e+00
655 0.000000e+00
656 0.000000e+00
657 0.000000e+00
658 0.000000e+00
659 0.000000e+00
660 4.723757e-07
661 4.815768e-07
662 4.364797e-07
663 3.451883e-07
664 2.568892e-07
665 1.998452e-07
666 1.311271e-07
667 8.350686e-08
668 4.962364e-08
669 3.018430e-08
670 0.000000e+00
671 0.000000e+00
672 0.000000e+00
673 0.000000e+00
674 0.000000e+00
675 0.000000e+00
676 0.000000e+00
677 0.000000e+00
678 0.000000e+00
679 0.000000e+00
680 2.030678e-07
681 2.125511e-07
682 1.999167e-07
683 1.637725e-07
684 1.221865e-07
685 9.403806e-08
686 6.706590e-08
687 4.038077e-08
688 2.469338e-08
689 1.496040e-08
690 0.000000e+00
691 0.000000e+00
692 0.000000e+00
693 0.000000e+00
694 0.000000e+00
695 0.000000e+00
696 0.000000e+00
697 0.000000e+00
698 0.000000e+00
699 0.000000e+00
700 3.761353e-07
701 3.943616e-07
702 3.718228e-07
703 3.054024e-07
704 2.280096e-07
705 1.752753e-07
706 1.256459e-07
707 7.542399e-08
708 4.630085e-08
709 2.802068e-08
710 0.000000e+00
711 0.000000e+00
712 0.000000e+00
713 0.000000e+00
714 0.000000e+00
715 0.000000e+00
716 0.000000e+00
717 0.000000e+00
718 0.000000e+00
719 0.000000e+00
720 1.304615e-07
721 1.394891e-07
722 1.352962e-07
723 1.147421e-07
724 8.663838e-08
725 6.564342e-08
726 4.955655e-08
727 2.918776e-08
728 1.876880e-08
729 1.119823e-08
730 6.648246e-09
731 0.000000e+00
732 0.000000e+00
733 0.000000e+00
734 0.000000e+00
735 0.000000e+00
736 0.000000e+00
737 0.000000e+00
738 0.000000e+00
739 0.000000e+00
740 3.002026e-07
741 3.216466e-07
742 3.129337e-07
743 2.663901e-07
744 2.015230e-07
745 1.524451e-07
746 1.155604e-07
747 6.816463e-08
748 4.401915e-08
749 2.621639e-08
750 1.552028e-08
751 0.000000e+00
752 0.000000e+00
753 0.000000e+00
754 0.000000e+00
755 0.000000e+00
756 0.000000e+00
757 0.000000e+00
758 0.000000e+00
759 0.000000e+00
760 2.395417e-07
761 2.611225e-07
762 2.605278e-07
763 2.289580e-07
764 1.764722e-07
765 1.319496e-07
766 1.024994e-07
767 6.243007e-08
768 4.099310e-08
769 2.404504e-08
770 1.409505e-08
771 0.000000e+00
772 0.000000e+00
773 0.000000e+00
774 0.000000e+00
775 0.000000e+00
776 0.000000e+00
777 0.000000e+00
778 0.000000e+00
779 0.000000e+00
780 1.904884e-07
781 2.105968e-07
782 2.144651e-07
783 1.937559e-07
784 1.525192e-07
785 1.133909e-07
786 8.849795e-08
787 5.702443e-08
788 3.657090e-08
789 2.125577e-08
790 1.260562e-08
791 0.000000e+00
792 0.000000e+00
793 0.000000e+00
794 0.000000e+00
795 0.000000e+00
796 0.000000e+00
797 0.000000e+00
798 0.000000e+00
799 0.000000e+00
800 1.137789e-04
801 8.550543e-05
802 6.581923e-05
803 4.561669e-05
804 2.865065e-05
805 1.808715e-05
806 1.141952e-05
807 0.000000e+00
808 0.000000e+00
809 0.000000e+00
810 0.000000e+00
811 0.000000e+00
812 0.000000e+00
813 0.000000e+00
814 0.000000e+00
815 0.000000e+00
816 0.000000e+00
817 0.000000e+00
818 0.000000e+00
819 0.000000e+00
820 7.789256e-05
821 6.202441e-05
822 4.633361e-05
823 3.591179e-05
824 2.417146e-05
825 1.532977e-05
826 9.440083e-06
827 5.928728e-06
828 0.000000e+00
829 0.000000e+00
830 0.000000e+00
831 0.000000e+00
832 0.000000e+00
833 0.000000e+00
834 0.000000e+00
835 0.000000e+00
836 0.000000e+00
837 0.000000e+00
838 0.000000e+00
839 0.000000e+00
840 5.521037e-05
841 4.803879e-05
842 3.689929e-05
843 2.771170e-05
844 2.136457e-05
845 1.313861e-05
846 8.657960e-06
847 5.258603e-06
848 3.255564e-06
849 0.000000e+00
850 0.000000e+00
851 0.000000e+00
852 0.000000e+00
853 0.000000e+00
854 0.000000e+00
855 0.000000e+00
856 0.000000e+00
857 0.000000e+00
858 0.000000e+00
859 0.000000e+00
860 4.069847e-05
861 3.803303e-05
862 3.098437e-05
863 2.310434e-05
864 1.782387e-05
865 1.260497e-05
866 7.691252e-06
867 4.736569e-06
868 2.929144e-06
869 0.000000e+00
870 0.000000e+00
871 0.000000e+00
872 0.000000e+00
873 0.000000e+00
874 0.000000e+00
875 0.000000e+00
876 0.000000e+00
877 0.000000e+00
878 0.000000e+00
879 0.000000e+00
880 3.122909e-05
881 3.072368e-05
882 2.654792e-05
883 2.025624e-05
884 1.522964e-05
885 1.172037e-05
886 7.034411e-06
887 4.638989e-06
888 2.789720e-06
889 1.685684e-06
890 0.000000e+00
891 0.000000e+00
892 0.000000e+00
893 0.000000e+00
894 0.000000e+00
895 0.000000e+00
896 0.000000e+00
897 0.000000e+00
898 0.000000e+00
899 0.000000e+00
900 2.483570e-05
901 2.536006e-05
902 2.302459e-05
903 1.821397e-05
904 1.353653e-05
905 1.055265e-05
906 6.927245e-06
907 4.423527e-06
908 2.615364e-06
909 1.594738e-06
910 0.000000e+00
911 0.000000e+00
912 0.000000e+00
913 0.000000e+00
914 0.000000e+00
915 0.000000e+00
916 0.000000e+00
917 0.000000e+00
918 0.000000e+00
919 0.000000e+00
920 2.036165e-05
921 2.137803e-05
922 2.019123e-05
923 1.660163e-05
924 1.238522e-05
925 9.519443e-06
926 6.855042e-06
927 4.092114e-06
928 2.508466e-06
929 1.518917e-06
930 0.000000e+00
931 0.000000e+00
932 0.000000e+00
933 0.000000e+00
934 0.000000e+00
935 0.000000e+00
936 0.000000e+00
937 0.000000e+00
938 0.000000e+00
939 0.000000e+00
940 1.712342e-05
941 1.836920e-05
942 1.790136e-05
943 1.526161e-05
944 1.154442e-05
945 8.724893e-06
946 6.641261e-06
947 3.897293e-06
948 2.529406e-06
949 1.506063e-06
950 8.882745e-07
951 0.000000e+00
952 0.000000e+00
953 0.000000e+00
954 0.000000e+00
955 0.000000e+00
956 0.000000e+00
957 0.000000e+00
958 0.000000e+00
959 0.000000e+00
960 1.470687e-05
961 1.604993e-05
962 1.603852e-05
963 1.411934e-05
964 1.088845e-05
965 8.133469e-06
966 6.333667e-06
967 3.854094e-06
968 2.542273e-06
969 1.489877e-06
970 8.712251e-07
971 0.000000e+00
972 0.000000e+00
973 0.000000e+00
974 0.000000e+00
975 0.000000e+00
976 0.000000e+00
977 0.000000e+00
978 0.000000e+00
979 0.000000e+00
980 1.286022e-05
981 1.423282e-05
982 1.451592e-05
983 1.313849e-05
984 1.035305e-05
985 7.691499e-06
986 6.008444e-06
987 3.881769e-06
988 2.490109e-06
989 1.443839e-06
990 8.581039e-07
991 0.000000e+00
992 0.000000e+00
993 0.000000e+00
994 0.000000e+00
995 0.000000e+00
996 0.000000e+00
997 0.000000e+00
998 0.000000e+00
999 0.000000e+00
