0 5.200853e-09
1 3.679276e-09
2 2.510516e-09
3 1.656662e-09
4 1.082407e-09
5 7.161452e-10
6 4.826397e-10
7 3.311734e-10
8 2.284515e-10
9 1.557492e-10
10 1.031821e-10
11 6.556818e-11
12 3.964847e-11
13 2.275714e-11
14 1.243110e-11
15 0.000000e+00
16 0.000000e+00
17 0.000000e+00
18 0.000000e+00
19 0.000000e+00
20 8.589506e-09
21 6.215436e-09
22 4.336171e-09
23 2.909657e-09
24 1.894192e-09
25 1.236226e-09
26 8.188999e-10
27 5.540125e-10
28 3.807527e-10
29 2.617845e-10
30 1.768712e-10
31 1.155532e-10
32 7.215814e-11
33 4.280232e-11
34 2.409765e-11
35 0.000000e+00
36 0.000000e+00
37 0.000000e+00
38 0.000000e+00
39 0.000000e+00
40 9.753279e-09
41 7.100722e-09
42 4.981272e-09
43 3.360746e-09
44 2.190717e-09
45 1.425203e-09
46 9.402784e-10
47 6.333816e-10
48 4.342119e-10
49 2.987627e-10
50 2.026278e-10
51 1.332112e-10
52 8.383019e-11
53 5.014575e-11
54 2.846192e-11
55 0.000000e+00
56 0.000000e+00
57 0.000000e+00
58 0.000000e+00
59 0.000000e+00
60 1.048775e-08
61 7.658135e-09
62 5.388267e-09
63 3.645767e-09
64 2.377886e-09
65 1.544407e-09
66 1.016800e-09
67 6.833980e-10
68 4.679316e-10
69 3.220541e-10
70 2.188516e-10
71 1.443235e-10
72 9.119420e-11
73 5.477513e-11
74 3.121304e-11
75 0.000000e+00
76 0.000000e+00
77 0.000000e+00
78 0.000000e+00
79 0.000000e+00
80 1.112308e-08
81 8.141748e-09
82 5.740832e-09
83 3.892449e-09
84 2.539816e-09
85 1.647611e-09
86 1.083067e-09
87 7.266112e-10
88 4.970426e-10
89 3.423044e-10
90 2.328991e-10
91 1.539669e-10
92 9.756698e-11
93 5.880123e-11
94 3.360471e-11
95 0.000000e+00
96 0.000000e+00
97 0.000000e+00
98 0.000000e+00
99 0.000000e+00
100 1.781752e-08
101 1.343214e-08
102 9.692722e-09
103 6.745689e-09
104 4.485932e-09
105 2.889900e-09
106 1.873818e-09
107 1.231122e-09
108 8.280975e-10
109 5.665660e-10
110 3.883262e-10
111 2.617413e-10
112 1.706655e-10
113 1.063899e-10
114 6.300032e-11
115 0.000000e+00
116 0.000000e+00
117 0.000000e+00
118 0.000000e+00
119 0.000000e+00
120 2.231759e-08
121 1.712448e-08
122 1.251377e-08
123 8.812186e-09
124 5.946746e-09
125 3.842155e-09
126 2.475414e-09
127 1.611092e-09
128 1.072065e-09
129 7.281582e-10
130 4.986664e-10
131 3.381279e-10
132 2.230756e-10
133 1.412781e-10
134 8.517966e-11
135 0.000000e+00
136 0.000000e+00
137 0.000000e+00
138 0.000000e+00
139 0.000000e+00
140 2.520598e-08
141 1.950717e-08
142 1.433347e-08
143 1.015204e-08
144 6.892770e-09
145 4.461826e-09
146 2.866301e-09
147 1.858278e-09
148 1.230436e-09
149 8.328025e-10
150 5.699567e-10
151 3.874189e-10
152 2.569008e-10
153 1.638223e-10
154 9.954283e-11
155 0.000000e+00
156 0.000000e+00
157 0.000000e+00
158 0.000000e+00
159 0.000000e+00
160 2.770665e-08
161 2.156916e-08
162 1.591026e-08
163 1.130892e-08
164 7.711981e-09
165 4.997805e-09
166 3.204570e-09
167 2.072179e-09
168 1.367445e-09
169 9.233491e-10
170 6.316850e-10
171 4.301227e-10
172 2.862037e-10
173 1.833520e-10
174 1.119828e-10
175 0.000000e+00
176 0.000000e+00
177 0.000000e+00
178 0.000000e+00
179 0.000000e+00
180 3.043132e-08
181 2.414496e-08
182 1.808013e-08
183 1.296938e-08
184 8.966130e-09
185 5.905436e-09
186 3.775749e-09
187 2.432132e-09
188 1.586384e-09
189 1.058906e-09
190 7.185606e-10
191 4.882918e-10
192 3.263907e-10
193 2.112891e-10
194 1.310076e-10
195 0.000000e+00
196 0.000000e+00
197 0.000000e+00
198 0.000000e+00
199 0.000000e+00
200 3.626128e-08
201 2.930707e-08
202 2.225409e-08
203 1.613283e-08
204 1.127215e-08
205 7.516170e-09
206 4.806096e-09
207 3.080237e-09
208 1.990080e-09
209 1.315552e-09
210 8.867385e-10
211 6.017722e-10
212 4.040470e-10
213 2.640172e-10
214 1.658234e-10
215 0.000000e+00
216 0.000000e+00
217 0.000000e+00
218 0.000000e+00
219 0.000000e+00
220 4.132971e-08
221 3.379861e-08
222 2.589898e-08
223 1.888418e-08
224 1.328323e-08
225 8.921130e-09
226 5.706345e-09
227 3.646032e-09
228 2.342646e-09
229 1.539542e-09
230 1.033440e-09
231 7.007254e-10
232 4.717335e-10
233 3.099712e-10
234 1.961731e-10
235 0.000000e+00
236 0.000000e+00
237 0.000000e+00
238 0.000000e+00
239 0.000000e+00
240 4.570460e-08
241 3.808625e-08
242 2.972249e-08
243 2.195638e-08
244 1.558669e-08
245 1.062490e-08
246 6.883284e-09
247 4.373968e-09
248 2.796874e-09
249 1.815989e-09
250 1.204555e-09
251 8.103130e-10
252 5.444529e-10
253 3.592744e-10
254 2.295912e-10
255 0.000000e+00
256 0.000000e+00
257 0.000000e+00
258 0.000000e+00
259 0.000000e+00
260 5.452939e-08
261 4.639824e-08
262 3.690293e-08
263 2.764674e-08
264 1.983281e-08
265 1.369793e-08
266 8.977853e-09
267 5.685727e-09
268 3.616646e-09
269 2.320707e-09
270 1.521971e-09
271 1.016037e-09
272 6.815116e-10
273 4.517108e-10
274 2.914448e-10
275 0.000000e+00
276 0.000000e+00
277 0.000000e+00
278 0.000000e+00
279 0.000000e+00
280 6.916928e-08
281 6.091843e-08
282 5.019428e-08
283 3.874975e-08
284 2.838892e-08
285 2.000134e-08
286 1.347349e-08
287 8.618534e-09
288 5.433617e-09
289 3.431987e-09
290 2.200665e-09
291 1.438575e-09
292 9.524176e-10
293 6.298488e-10
294 4.097699e-10
295 0.000000e+00
296 0.000000e+00
297 0.000000e+00
298 0.000000e+00
299 0.000000e+00
