0 9.194991e-05
1 6.997462e-05
2 5.316270e-05
3 3.971592e-05
4 2.457250e-05
5 1.597108e-05
6 9.913036e-06
7 0.000000e+00
8 0.000000e+00
9 0.000000e+00
10 0.000000e+00
11 0.000000e+00
12 0.000000e+00
13 0.000000e+00
14 0.000000e+00
15 0.000000e+00
16 0.000000e+00
17 0.000000e+00
18 0.000000e+00
19 0.000000e+00
20 6.323591e-05
21 5.229398e-05
22 3.925940e-05
23 3.008594e-05
24 2.185823e-05
25 1.330260e-05
26 8.462827e-06
27 5.261810e-06
28 0.000000e+00
29 0.000000e+00
30 0.000000e+00
31 0.000000e+00
32 0.000000e+00
33 0.000000e+00
34 0.000000e+00
35 0.000000e+00
36 0.000000e+00
37 0.000000e+00
38 0.000000e+00
39 0.000000e+00
40 4.511236e-05
41 4.063523e-05
42 3.200634e-05
43 2.384947e-05
44 1.855867e-05
45 1.210969e-05
46 7.796191e-06
47 4.698309e-06
48 2.913304e-06
49 0.000000e+00
50 0.000000e+00
51 0.000000e+00
52 0.000000e+00
53 0.000000e+00
54 0.000000e+00
55 0.000000e+00
56 0.000000e+00
57 0.000000e+00
58 0.000000e+00
59 0.000000e+00
60 3.361494e-05
61 3.226139e-05
62 2.705656e-05
63 2.034764e-05
64 1.549291e-05
65 1.153705e-05
66 6.859746e-06
67 4.393285e-06
68 2.682224e-06
69 0.000000e+00
70 0.000000e+00
71 0.000000e+00
72 0.000000e+00
73 0.000000e+00
74 0.000000e+00
75 0.000000e+00
76 0.000000e+00
77 0.000000e+00
78 0.000000e+00
79 0.000000e+00
80 2.608777e-05
81 2.619115e-05
82 2.323709e-05
83 1.804494e-05
84 1.345925e-05
85 1.048474e-05
86 6.549347e-06
87 4.298980e-06
88 2.552846e-06
89 1.544569e-06
90 0.000000e+00
91 0.000000e+00
92 0.000000e+00
93 0.000000e+00
94 0.000000e+00
95 0.000000e+00
96 0.000000e+00
97 0.000000e+00
98 0.000000e+00
99 0.000000e+00
100 2.097040e-05
101 2.175558e-05
102 2.019854e-05
103 1.631624e-05
104 1.213274e-05
105 9.397873e-06
106 6.508697e-06
107 3.995735e-06
108 2.392773e-06
109 1.458623e-06
110 0.000000e+00
111 0.000000e+00
112 0.000000e+00
113 0.000000e+00
114 0.000000e+00
115 0.000000e+00
116 0.000000e+00
117 0.000000e+00
118 0.000000e+00
119 0.000000e+00
120 1.736134e-05
121 1.846331e-05
122 1.776642e-05
123 1.491852e-05
124 1.120817e-05
125 8.529148e-06
126 6.367602e-06
127 3.736526e-06
128 2.371886e-06
129 1.421953e-06
130 0.000000e+00
131 0.000000e+00
132 0.000000e+00
133 0.000000e+00
134 0.000000e+00
135 0.000000e+00
136 0.000000e+00
137 0.000000e+00
138 0.000000e+00
139 0.000000e+00
140 1.472342e-05
141 1.596413e-05
142 1.580256e-05
143 1.374060e-05
144 1.051063e-05
145 7.882386e-06
146 6.100178e-06
147 3.642639e-06
148 2.401625e-06
149 1.416525e-06
150 8.269133e-07
151 0.000000e+00
152 0.000000e+00
153 0.000000e+00
154 0.000000e+00
155 0.000000e+00
156 0.000000e+00
157 0.000000e+00
158 0.000000e+00
159 0.000000e+00
160 1.274398e-05
161 1.403502e-05
162 1.421242e-05
163 1.273785e-05
164 9.956210e-06
165 7.406859e-06
166 5.787745e-06
167 3.653933e-06
168 2.376169e-06
169 1.381096e-06
170 8.160300e-07
171 0.000000e+00
172 0.000000e+00
173 0.000000e+00
174 0.000000e+00
175 0.000000e+00
176 0.000000e+00
177 0.000000e+00
178 0.000000e+00
179 0.000000e+00
180 1.121472e-05
181 1.251041e-05
182 1.290593e-05
183 1.187048e-05
184 9.490477e-06
185 7.046507e-06
186 5.485156e-06
187 3.689367e-06
188 2.298751e-06
189 1.337611e-06
190 7.985125e-07
191 0.000000e+00
192 0.000000e+00
193 0.000000e+00
194 0.000000e+00
195 0.000000e+00
196 0.000000e+00
197 0.000000e+00
198 0.000000e+00
199 0.000000e+00
