0 4.801751e-09
1 3.390355e-09
2 2.309246e-09
3 1.525998e-09
4 9.994491e-10
5 6.622191e-10
6 4.468128e-10
7 3.064832e-10
8 2.111176e-10
9 1.435799e-10
10 9.484510e-11
11 6.009949e-11
12 3.625933e-11
13 2.078355e-11
14 1.134860e-11
15 0.000000e+00
16 0.000000e+00
17 0.000000e+00
18 0.000000e+00
19 0.000000e+00
20 7.712956e-09
21 5.567623e-09
22 3.872192e-09
23 2.593993e-09
24 1.694013e-09
25 1.108060e-09
26 7.359712e-10
27 4.986104e-10
28 3.424267e-10
29 2.348811e-10
30 1.580893e-10
31 1.028258e-10
32 6.393560e-11
33 3.779300e-11
34 2.123132e-11
35 0.000000e+00
36 0.000000e+00
37 0.000000e+00
38 0.000000e+00
39 0.000000e+00
40 9.107991e-09
41 6.638491e-09
42 4.655697e-09
43 3.144995e-09
44 2.059858e-09
45 1.342289e-09
46 8.862331e-10
47 5.964370e-10
48 4.079969e-10
49 2.798490e-10
50 1.892812e-10
51 1.241995e-10
52 7.811643e-11
53 4.677310e-11
54 2.661631e-11
55 0.000000e+00
56 0.000000e+00
57 0.000000e+00
58 0.000000e+00
59 0.000000e+00
60 9.999556e-09
61 7.326239e-09
62 5.162559e-09
63 3.502651e-09
64 2.299337e-09
65 1.496077e-09
66 9.846800e-10
67 6.603348e-10
68 4.505976e-10
69 3.090190e-10
70 2.094594e-10
71 1.380222e-10
72 8.731692e-11
73 5.261499e-11
74 3.014613e-11
75 0.000000e+00
76 0.000000e+00
77 0.000000e+00
78 0.000000e+00
79 0.000000e+00
80 1.076792e-08
81 7.919423e-09
82 5.598591e-09
83 3.810179e-09
84 2.504947e-09
85 1.628310e-09
86 1.069477e-09
87 7.152391e-10
88 4.872034e-10
89 3.340950e-10
90 2.268662e-10
91 1.499554e-10
92 9.524521e-11
93 5.766829e-11
94 3.319008e-11
95 0.000000e+00
96 0.000000e+00
97 0.000000e+00
98 0.000000e+00
99 0.000000e+00
100 1.441429e-08
101 1.073651e-08
102 7.677047e-09
103 5.282912e-09
104 3.485037e-09
105 2.253300e-09
106 1.468652e-09
107 9.735774e-10
108 6.595309e-10
109 4.525234e-10
110 3.092729e-10
111 2.068009e-10
112 1.332730e-10
113 8.194726e-11
114 4.785163e-11
115 0.000000e+00
116 0.000000e+00
117 0.000000e+00
118 0.000000e+00
119 0.000000e+00
120 1.854332e-08
121 1.406549e-08
122 1.019462e-08
123 7.117339e-09
124 4.758877e-09
125 3.077404e-09
126 1.991239e-09
127 1.305461e-09
128 8.746473e-10
129 5.964693e-10
130 4.081263e-10
131 2.752324e-10
132 1.799422e-10
133 1.126863e-10
134 6.713633e-11
135 0.000000e+00
136 0.000000e+00
137 0.000000e+00
138 0.000000e+00
139 0.000000e+00
140 2.140568e-08
141 1.641137e-08
142 1.199071e-08
143 8.434371e-09
144 5.684514e-09
145 3.686149e-09
146 2.376578e-09
147 1.549793e-09
148 1.031528e-09
149 7.002685e-10
150 4.787860e-10
151 3.239545e-10
152 2.132339e-10
153 1.347745e-10
154 8.115378e-11
155 0.000000e+00
156 0.000000e+00
157 0.000000e+00
158 0.000000e+00
159 0.000000e+00
160 2.388813e-08
161 1.845651e-08
162 1.355725e-08
163 9.584225e-09
164 6.494018e-09
165 4.219863e-09
166 2.715067e-09
167 1.764088e-09
168 1.169100e-09
169 7.911191e-10
170 5.405103e-10
171 3.664642e-10
172 2.422724e-10
173 1.540405e-10
174 9.339575e-11
175 0.000000e+00
176 0.000000e+00
177 0.000000e+00
178 0.000000e+00
179 0.000000e+00
180 2.563107e-08
181 2.000522e-08
182 1.480039e-08
183 1.052521e-08
184 7.193341e-09
185 4.695552e-09
186 3.013526e-09
187 1.950633e-09
188 1.284487e-09
189 8.644745e-10
190 5.891438e-10
191 3.998703e-10
192 2.655780e-10
193 1.701245e-10
194 1.041033e-10
195 0.000000e+00
196 0.000000e+00
197 0.000000e+00
198 0.000000e+00
199 0.000000e+00
200 3.119610e-08
201 2.483181e-08
202 1.864509e-08
203 1.340880e-08
204 9.283348e-09
205 6.130326e-09
206 3.925901e-09
207 2.525714e-09
208 1.645096e-09
209 1.095943e-09
210 7.424727e-10
211 5.041228e-10
212 3.370454e-10
213 2.184501e-10
214 1.357265e-10
215 0.000000e+00
216 0.000000e+00
217 0.000000e+00
218 0.000000e+00
219 0.000000e+00
220 3.620151e-08
221 2.921406e-08
222 2.216863e-08
223 1.606512e-08
224 1.121479e-08
225 7.466502e-09
226 4.783764e-09
227 3.064834e-09
228 1.983050e-09
229 1.311698e-09
230 8.843607e-10
231 6.000413e-10
232 4.025977e-10
233 2.627818e-10
234 1.648312e-10
235 0.000000e+00
236 0.000000e+00
237 0.000000e+00
238 0.000000e+00
239 0.000000e+00
240 4.008928e-08
241 3.288286e-08
242 2.530631e-08
243 1.851962e-08
244 1.304233e-08
245 8.795586e-09
246 5.662396e-09
247 3.613514e-09
248 2.322224e-09
249 1.521246e-09
250 1.017121e-09
251 6.871788e-10
252 4.615096e-10
253 3.030269e-10
254 1.919795e-10
255 0.000000e+00
256 0.000000e+00
257 0.000000e+00
258 0.000000e+00
259 0.000000e+00
260 4.888053e-08
261 4.102955e-08
262 3.223180e-08
263 2.392908e-08
264 1.705821e-08
265 1.168064e-08
266 7.597510e-09
267 4.824738e-09
268 3.078243e-09
269 1.990391e-09
270 1.314915e-09
271 8.822187e-10
272 5.924341e-10
273 3.915595e-10
274 2.510740e-10
275 0.000000e+00
276 0.000000e+00
277 0.000000e+00
278 0.000000e+00
279 0.000000e+00
280 6.378064e-08
281 5.557458e-08
282 4.530031e-08
283 3.465484e-08
284 2.522865e-08
285 1.767341e-08
286 1.181302e-08
287 7.531435e-09
288 4.760730e-09
289 3.019920e-09
290 1.948927e-09
291 1.281997e-09
292 8.522076e-10
293 5.640596e-10
294 3.661334e-10
295 0.000000e+00
296 0.000000e+00
297 0.000000e+00
298 0.000000e+00
299 0.000000e+00
300 7.716047e-07
301 5.890574e-07
302 4.395089e-07
303 3.074136e-07
304 1.972760e-07
305 1.253724e-07
306 7.931660e-08
307 0.000000e+00
308 0.000000e+00
309 0.000000e+00
310 0.000000e+00
311 0.000000e+00
312 0.000000e+00
313 0.000000e+00
314 0.000000e+00
315 0.000000e+00
316 0.000000e+00
317 0.000000e+00
318 0.000000e+00
319 0.000000e+00
320 1.009192e-06
321 7.734986e-07
322 5.785191e-07
323 4.083948e-07
324 2.633335e-07
325 1.672922e-07
326 1.056600e-07
327 0.000000e+00
328 0.000000e+00
329 0.000000e+00
330 0.000000e+00
331 0.000000e+00
332 0.000000e+00
333 0.000000e+00
334 0.000000e+00
335 0.000000e+00
336 0.000000e+00
337 0.000000e+00
338 0.000000e+00
339 0.000000e+00
340 1.159819e-06
341 8.906826e-07
342 6.668670e-07
343 4.726545e-07
344 3.055077e-07
345 1.940465e-07
346 1.224805e-07
347 0.000000e+00
348 0.000000e+00
349 0.000000e+00
350 0.000000e+00
351 0.000000e+00
352 0.000000e+00
353 0.000000e+00
354 0.000000e+00
355 0.000000e+00
356 0.000000e+00
357 0.000000e+00
358 0.000000e+00
359 0.000000e+00
360 1.289108e-06
361 9.912555e-07
362 7.426900e-07
363 5.278092e-07
364 3.417064e-07
365 2.170125e-07
366 1.369177e-07
367 0.000000e+00
368 0.000000e+00
369 0.000000e+00
370 0.000000e+00
371 0.000000e+00
372 0.000000e+00
373 0.000000e+00
374 0.000000e+00
375 0.000000e+00
376 0.000000e+00
377 0.000000e+00
378 0.000000e+00
379 0.000000e+00
380 5.059812e-07
381 4.015293e-07
382 3.036376e-07
383 2.273257e-07
384 1.531720e-07
385 9.687059e-08
386 6.083675e-08
387 3.826214e-08
388 0.000000e+00
389 0.000000e+00
390 0.000000e+00
391 0.000000e+00
392 0.000000e+00
393 0.000000e+00
394 0.000000e+00
395 0.000000e+00
396 0.000000e+00
397 0.000000e+00
398 0.000000e+00
399 0.000000e+00
400 7.727897e-07
401 6.197697e-07
402 4.694209e-07
403 3.527660e-07
404 2.413694e-07
405 1.525189e-07
406 9.601362e-08
407 6.014418e-08
408 0.000000e+00
409 0.000000e+00
410 0.000000e+00
411 0.000000e+00
412 0.000000e+00
413 0.000000e+00
414 0.000000e+00
415 0.000000e+00
416 0.000000e+00
417 0.000000e+00
418 0.000000e+00
419 0.000000e+00
420 9.521497e-07
421 7.673824e-07
422 5.818383e-07
423 4.377922e-07
424 3.015650e-07
425 1.906111e-07
426 1.201009e-07
427 7.511081e-08
428 0.000000e+00
429 0.000000e+00
430 0.000000e+00
431 0.000000e+00
432 0.000000e+00
433 0.000000e+00
434 0.000000e+00
435 0.000000e+00
436 0.000000e+00
437 0.000000e+00
438 0.000000e+00
439 0.000000e+00
440 1.106313e-06
441 8.942955e-07
442 6.785032e-07
443 5.109016e-07
444 3.533324e-07
445 2.233786e-07
446 1.408207e-07
447 8.798537e-08
448 0.000000e+00
449 0.000000e+00
450 0.000000e+00
451 0.000000e+00
452 0.000000e+00
453 0.000000e+00
454 0.000000e+00
455 0.000000e+00
456 0.000000e+00
457 0.000000e+00
458 0.000000e+00
459 0.000000e+00
460 5.455253e-07
461 4.676557e-07
462 3.609960e-07
463 2.729688e-07
464 2.022971e-07
465 1.294756e-07
466 8.228441e-08
467 5.070173e-08
468 3.175008e-08
469 0.000000e+00
470 0.000000e+00
471 0.000000e+00
472 0.000000e+00
473 0.000000e+00
474 0.000000e+00
475 0.000000e+00
476 0.000000e+00
477 0.000000e+00
478 0.000000e+00
479 0.000000e+00
480 7.403357e-07
481 6.394582e-07
482 4.958847e-07
483 3.746397e-07
484 2.790204e-07
485 1.799203e-07
486 1.141588e-07
487 7.036928e-08
488 4.396768e-08
489 0.000000e+00
490 0.000000e+00
491 0.000000e+00
492 0.000000e+00
493 0.000000e+00
494 0.000000e+00
495 0.000000e+00
496 0.000000e+00
497 0.000000e+00
498 0.000000e+00
499 0.000000e+00
500 9.090824e-07
501 7.884044e-07
502 6.129326e-07
503 4.628730e-07
504 3.456047e-07
505 2.237634e-07
506 1.418510e-07
507 8.746493e-08
508 5.458444e-08
509 0.000000e+00
510 0.000000e+00
511 0.000000e+00
512 0.000000e+00
513 0.000000e+00
514 0.000000e+00
515 0.000000e+00
516 0.000000e+00
517 0.000000e+00
518 0.000000e+00
519 0.000000e+00
520 3.570218e-07
521 3.260011e-07
522 2.622313e-07
523 1.971477e-07
524 1.507554e-07
525 1.031959e-07
526 6.446642e-08
527 4.001677e-08
528 2.465257e-08
529 0.000000e+00
530 0.000000e+00
531 0.000000e+00
532 0.000000e+00
533 0.000000e+00
534 0.000000e+00
535 0.000000e+00
536 0.000000e+00
537 0.000000e+00
538 0.000000e+00
539 0.000000e+00
540 5.542506e-07
541 5.106895e-07
542 4.143267e-07
543 3.119656e-07
544 2.383684e-07
545 1.655185e-07
546 1.030567e-07
547 6.427126e-08
548 3.948437e-08
549 0.000000e+00
550 0.000000e+00
551 0.000000e+00
552 0.000000e+00
553 0.000000e+00
554 0.000000e+00
555 0.000000e+00
556 0.000000e+00
557 0.000000e+00
558 0.000000e+00
559 0.000000e+00
560 7.295369e-07
561 6.751903e-07
562 5.501419e-07
563 4.146055e-07
564 3.166346e-07
565 2.213658e-07
566 1.376691e-07
567 8.604439e-08
568 5.278757e-08
569 0.000000e+00
570 0.000000e+00
571 0.000000e+00
572 0.000000e+00
573 0.000000e+00
574 0.000000e+00
575 0.000000e+00
576 0.000000e+00
577 0.000000e+00
578 0.000000e+00
579 0.000000e+00
580 2.170931e-07
581 2.083352e-07
582 1.757310e-07
583 1.334818e-07
584 1.013679e-07
585 7.471336e-08
586 4.600916e-08
587 2.928679e-08
588 1.778146e-08
589 1.094918e-08
590 0.000000e+00
591 0.000000e+00
592 0.000000e+00
593 0.000000e+00
594 0.000000e+00
595 0.000000e+00
596 0.000000e+00
597 0.000000e+00
598 0.000000e+00
599 0.000000e+00
600 4.042332e-07
601 3.917780e-07
602 3.343348e-07
603 2.554754e-07
604 1.933610e-07
605 1.441579e-07
606 8.941920e-08
607 5.704311e-08
608 3.452574e-08
609 2.118584e-08
610 0.000000e+00
611 0.000000e+00
612 0.000000e+00
613 0.000000e+00
614 0.000000e+00
615 0.000000e+00
616 0.000000e+00
617 0.000000e+00
618 0.000000e+00
619 0.000000e+00
620 5.811420e-07
621 5.658558e-07
622 4.855876e-07
623 3.722228e-07
624 2.813110e-07
625 2.107065e-07
626 1.313145e-07
627 8.377134e-08
628 5.064949e-08
629 3.103501e-08
630 0.000000e+00
631 0.000000e+00
632 0.000000e+00
633 0.000000e+00
634 0.000000e+00
635 0.000000e+00
636 0.000000e+00
637 0.000000e+00
638 0.000000e+00
639 0.000000e+00
640 2.874906e-07
641 2.893671e-07
642 2.584585e-07
643 2.030007e-07
644 1.520002e-07
645 1.168839e-07
646 7.584673e-08
647 4.810598e-08
648 2.895313e-08
649 1.759397e-08
650 0.000000e+00
651 0.000000e+00
652 0.000000e+00
653 0.000000e+00
654 0.000000e+00
655 0.000000e+00
656 0.000000e+00
657 0.000000e+00
658 0.000000e+00
659 0.000000e+00
660 4.628267e-07
661 4.681338e-07
662 4.208968e-07
663 3.323986e-07
664 2.487820e-07
665 1.914333e-07
666 1.257007e-07
667 7.930038e-08
668 4.783987e-08
669 2.904410e-08
670 0.000000e+00
671 0.000000e+00
672 0.000000e+00
673 0.000000e+00
674 0.000000e+00
675 0.000000e+00
676 0.000000e+00
677 0.000000e+00
678 0.000000e+00
679 0.000000e+00
680 1.982788e-07
681 2.053295e-07
682 1.904850e-07
683 1.544583e-07
684 1.155176e-07
685 8.893748e-08
686 6.171042e-08
687 3.794940e-08
688 2.319592e-08
689 1.402253e-08
690 0.000000e+00
691 0.000000e+00
692 0.000000e+00
693 0.000000e+00
694 0.000000e+00
695 0.000000e+00
696 0.000000e+00
697 0.000000e+00
698 0.000000e+00
699 0.000000e+00
700 3.691298e-07
701 3.842772e-07
702 3.591747e-07
703 2.934978e-07
704 2.198764e-07
705 1.688776e-07
706 1.188880e-07
707 7.266988e-08
708 4.475042e-08
709 2.699071e-08
710 0.000000e+00
711 0.000000e+00
712 0.000000e+00
713 0.000000e+00
714 0.000000e+00
715 0.000000e+00
716 0.000000e+00
717 0.000000e+00
718 0.000000e+00
719 0.000000e+00
720 1.316020e-07
721 1.393018e-07
722 1.332642e-07
723 1.115105e-07
724 8.401990e-08
725 6.403542e-08
726 4.701600e-08
727 2.827191e-08
728 1.780157e-08
729 1.066177e-08
730 6.396866e-09
731 0.000000e+00
732 0.000000e+00
733 0.000000e+00
734 0.000000e+00
735 0.000000e+00
736 0.000000e+00
737 0.000000e+00
738 0.000000e+00
739 0.000000e+00
740 2.945596e-07
741 3.135734e-07
742 3.024745e-07
743 2.555693e-07
744 1.934057e-07
745 1.468527e-07
746 1.091603e-07
747 6.573883e-08
748 4.172699e-08
749 2.488995e-08
750 1.486758e-08
751 0.000000e+00
752 0.000000e+00
753 0.000000e+00
754 0.000000e+00
755 0.000000e+00
756 0.000000e+00
757 0.000000e+00
758 0.000000e+00
759 0.000000e+00
760 2.346661e-07
761 2.542929e-07
762 2.516393e-07
763 2.192154e-07
764 1.685313e-07
765 1.265967e-07
766 9.703865e-08
767 5.945102e-08
768 3.832530e-08
769 2.260107e-08
770 1.336604e-08
771 0.000000e+00
772 0.000000e+00
773 0.000000e+00
774 0.000000e+00
775 0.000000e+00
776 0.000000e+00
777 0.000000e+00
778 0.000000e+00
779 0.000000e+00
780 1.861429e-07
781 2.046543e-07
782 2.067994e-07
783 1.850889e-07
784 1.449703e-07
785 1.081821e-07
786 8.390966e-08
787 5.353054e-08
788 3.419952e-08
789 2.005709e-08
790 1.185639e-08
791 0.000000e+00
792 0.000000e+00
793 0.000000e+00
794 0.000000e+00
795 0.000000e+00
796 0.000000e+00
797 0.000000e+00
798 0.000000e+00
799 0.000000e+00
800 6.437243e-05
801 4.897611e-05
802 3.711444e-05
803 2.619162e-05
804 1.661114e-05
805 1.057615e-05
806 6.645736e-06
807 0.000000e+00
808 0.000000e+00
809 0.000000e+00
810 0.000000e+00
811 0.000000e+00
812 0.000000e+00
813 0.000000e+00
814 0.000000e+00
815 0.000000e+00
816 0.000000e+00
817 0.000000e+00
818 0.000000e+00
819 0.000000e+00
820 4.424452e-05
821 3.548788e-05
822 2.672502e-05
823 2.041803e-05
824 1.395324e-05
825 8.782775e-06
826 5.503418e-06
827 3.441666e-06
828 0.000000e+00
829 0.000000e+00
830 0.000000e+00
831 0.000000e+00
832 0.000000e+00
833 0.000000e+00
834 0.000000e+00
835 0.000000e+00
836 0.000000e+00
837 0.000000e+00
838 0.000000e+00
839 0.000000e+00
840 3.149753e-05
841 2.735948e-05
842 2.112476e-05
843 1.592139e-05
844 1.207492e-05
845 7.633140e-06
846 4.910270e-06
847 3.002049e-06
848 1.870135e-06
849 0.000000e+00
850 0.000000e+00
851 0.000000e+00
852 0.000000e+00
853 0.000000e+00
854 0.000000e+00
855 0.000000e+00
856 0.000000e+00
857 0.000000e+00
858 0.000000e+00
859 0.000000e+00
860 2.322651e-05
861 2.160594e-05
862 1.759287e-05
863 1.318073e-05
864 1.013341e-05
865 7.107772e-06
866 4.384805e-06
867 2.726112e-06
868 1.676960e-06
869 0.000000e+00
870 0.000000e+00
871 0.000000e+00
872 0.000000e+00
873 0.000000e+00
874 0.000000e+00
875 0.000000e+00
876 0.000000e+00
877 0.000000e+00
878 0.000000e+00
879 0.000000e+00
880 1.778311e-05
881 1.741076e-05
882 1.498928e-05
883 1.145556e-05
884 8.639033e-06
885 6.561085e-06
886 4.011283e-06
887 2.595906e-06
888 1.564350e-06
889 9.542486e-07
890 0.000000e+00
891 0.000000e+00
892 0.000000e+00
893 0.000000e+00
894 0.000000e+00
895 0.000000e+00
896 0.000000e+00
897 0.000000e+00
898 0.000000e+00
899 0.000000e+00
900 1.409242e-05
901 1.432647e-05
902 1.294455e-05
903 1.022678e-05
904 7.625392e-06
905 5.913566e-06
906 3.873208e-06
907 2.460738e-06
908 1.470520e-06
909 8.931068e-07
910 0.000000e+00
911 0.000000e+00
912 0.000000e+00
913 0.000000e+00
914 0.000000e+00
915 0.000000e+00
916 0.000000e+00
917 0.000000e+00
918 0.000000e+00
919 0.000000e+00
920 1.150820e-05
921 1.203506e-05
922 1.131032e-05
923 9.269310e-06
924 6.927195e-06
925 5.326473e-06
926 3.789046e-06
927 2.292629e-06
928 1.408088e-06
929 8.512803e-07
930 0.000000e+00
931 0.000000e+00
932 0.000000e+00
933 0.000000e+00
934 0.000000e+00
935 0.000000e+00
936 0.000000e+00
937 0.000000e+00
938 0.000000e+00
939 0.000000e+00
940 9.639297e-06
941 1.030421e-05
942 9.993935e-06
943 8.483071e-06
944 6.416856e-06
945 4.861852e-06
946 3.658986e-06
947 2.174718e-06
948 1.393824e-06
949 8.307669e-07
950 4.939734e-07
951 0.000000e+00
952 0.000000e+00
953 0.000000e+00
954 0.000000e+00
955 0.000000e+00
956 0.000000e+00
957 0.000000e+00
958 0.000000e+00
959 0.000000e+00
960 8.248257e-06
961 8.972852e-06
962 8.926705e-06
963 7.820248e-06
964 6.021499e-06
965 4.510048e-06
966 3.487559e-06
967 2.127481e-06
968 1.387005e-06
969 8.151730e-07
970 4.795305e-07
971 0.000000e+00
972 0.000000e+00
973 0.000000e+00
974 0.000000e+00
975 0.000000e+00
976 0.000000e+00
977 0.000000e+00
978 0.000000e+00
979 0.000000e+00
980 7.187068e-06
981 7.930996e-06
982 8.055619e-06
983 7.254695e-06
984 5.701060e-06
985 4.244145e-06
986 3.305830e-06
987 2.121923e-06
988 1.359238e-06
989 7.930636e-07
990 4.692571e-07
991 0.000000e+00
992 0.000000e+00
993 0.000000e+00
994 0.000000e+00
995 0.000000e+00
996 0.000000e+00
997 0.000000e+00
998 0.000000e+00
999 0.000000e+00
