0 4.799745e-09
1 3.389560e-09
2 2.308599e-09
3 1.525608e-09
4 9.991952e-10
5 6.620247e-10
6 4.466993e-10
7 3.064334e-10
8 2.110690e-10
9 1.435484e-10
10 9.482225e-11
11 6.008250e-11
12 3.624703e-11
13 2.077517e-11
14 1.134329e-11
15 0.000000e+00
16 0.000000e+00
17 0.000000e+00
18 0.000000e+00
19 0.000000e+00
20 7.712003e-09
21 5.566697e-09
22 3.871415e-09
23 2.593397e-09
24 1.693546e-09
25 1.107839e-09
26 7.358090e-10
27 4.984927e-10
28 3.423648e-10
29 2.348198e-10
30 1.580466e-10
31 1.027962e-10
32 6.391512e-11
33 3.777933e-11
34 2.122182e-11
35 0.000000e+00
36 0.000000e+00
37 0.000000e+00
38 0.000000e+00
39 0.000000e+00
40 9.105833e-09
41 6.635800e-09
42 4.654333e-09
43 3.144041e-09
44 2.059260e-09
45 1.341910e-09
46 8.859648e-10
47 5.962393e-10
48 4.078594e-10
49 2.797777e-10
50 1.892309e-10
51 1.241629e-10
52 7.808983e-11
53 4.675448e-11
54 2.660405e-11
55 0.000000e+00
56 0.000000e+00
57 0.000000e+00
58 0.000000e+00
59 0.000000e+00
60 9.997235e-09
61 7.324205e-09
62 5.160943e-09
63 3.500988e-09
64 2.298317e-09
65 1.495422e-09
66 9.842995e-10
67 6.600811e-10
68 4.504419e-10
69 3.089265e-10
70 2.094485e-10
71 1.379882e-10
72 8.728914e-11
73 5.261149e-11
74 3.013327e-11
75 0.000000e+00
76 0.000000e+00
77 0.000000e+00
78 0.000000e+00
79 0.000000e+00
80 1.076499e-08
81 7.916757e-09
82 5.596741e-09
83 3.808511e-09
84 2.504141e-09
85 1.627557e-09
86 1.068958e-09
87 7.149303e-10
88 4.870026e-10
89 3.341056e-10
90 2.267733e-10
91 1.498883e-10
92 9.519849e-11
93 5.763653e-11
94 3.316942e-11
95 0.000000e+00
96 0.000000e+00
97 0.000000e+00
98 0.000000e+00
99 0.000000e+00
100 1.441477e-08
101 1.073639e-08
102 7.676832e-09
103 5.282886e-09
104 3.485015e-09
105 2.253265e-09
106 1.468591e-09
107 9.734965e-10
108 6.595012e-10
109 4.524993e-10
110 3.092586e-10
111 2.067926e-10
112 1.332666e-10
113 8.194165e-11
114 4.784683e-11
115 0.000000e+00
116 0.000000e+00
117 0.000000e+00
118 0.000000e+00
119 0.000000e+00
120 1.854369e-08
121 1.406542e-08
122 1.019416e-08
123 7.117175e-09
124 4.758947e-09
125 3.077390e-09
126 1.991159e-09
127 1.305339e-09
128 8.745856e-10
129 5.964508e-10
130 4.081180e-10
131 2.752271e-10
132 1.799368e-10
133 1.126805e-10
134 6.713088e-11
135 0.000000e+00
136 0.000000e+00
137 0.000000e+00
138 0.000000e+00
139 0.000000e+00
140 2.140557e-08
141 1.641180e-08
142 1.199035e-08
143 8.433389e-09
144 5.683936e-09
145 3.685580e-09
146 2.376369e-09
147 1.549515e-09
148 1.031057e-09
149 7.002475e-10
150 4.787907e-10
151 3.239657e-10
152 2.132424e-10
153 1.347779e-10
154 8.115312e-11
155 0.000000e+00
156 0.000000e+00
157 0.000000e+00
158 0.000000e+00
159 0.000000e+00
160 2.388702e-08
161 1.845499e-08
162 1.355545e-08
163 9.582801e-09
164 6.493382e-09
165 4.218931e-09
166 2.714320e-09
167 1.763709e-09
168 1.168798e-09
169 7.909459e-10
170 5.404802e-10
171 3.664500e-10
172 2.422621e-10
173 1.540401e-10
174 9.339277e-11
175 0.000000e+00
176 0.000000e+00
177 0.000000e+00
178 0.000000e+00
179 0.000000e+00
180 2.563379e-08
181 2.000710e-08
182 1.480142e-08
183 1.052608e-08
184 7.194120e-09
185 4.695959e-09
186 3.013610e-09
187 1.950631e-09
188 1.284431e-09
189 8.644841e-10
190 5.891771e-10
191 3.998982e-10
192 2.655979e-10
193 1.701366e-10
194 1.041094e-10
195 0.000000e+00
196 0.000000e+00
197 0.000000e+00
198 0.000000e+00
199 0.000000e+00
200 3.119969e-08
201 2.483469e-08
202 1.864362e-08
203 1.341135e-08
204 9.283998e-09
205 6.130803e-09
206 3.926172e-09
207 2.525691e-09
208 1.645153e-09
209 1.095985e-09
210 7.424917e-10
211 5.041673e-10
212 3.370816e-10
213 2.184737e-10
214 1.357348e-10
215 0.000000e+00
216 0.000000e+00
217 0.000000e+00
218 0.000000e+00
219 0.000000e+00
220 3.620506e-08
221 2.921635e-08
222 2.216958e-08
223 1.606525e-08
224 1.121552e-08
225 7.466464e-09
226 4.783110e-09
227 3.064709e-09
228 1.982882e-09
229 1.311600e-09
230 8.843904e-10
231 6.000789e-10
232 4.026320e-10
233 2.628062e-10
234 1.648448e-10
235 0.000000e+00
236 0.000000e+00
237 0.000000e+00
238 0.000000e+00
239 0.000000e+00
240 4.009517e-08
241 3.288748e-08
242 2.530915e-08
243 1.852101e-08
244 1.304341e-08
245 8.796589e-09
246 5.662917e-09
247 3.613589e-09
248 2.322332e-09
249 1.521336e-09
250 1.017157e-09
251 6.872680e-10
252 4.615806e-10
253 3.030724e-10
254 1.919985e-10
255 0.000000e+00
256 0.000000e+00
257 0.000000e+00
258 0.000000e+00
259 0.000000e+00
260 4.888650e-08
261 4.103426e-08
262 3.223449e-08
263 2.392974e-08
264 1.705938e-08
265 1.168146e-08
266 7.597337e-09
267 4.824583e-09
268 3.078123e-09
269 1.990281e-09
270 1.314985e-09
271 8.822863e-10
272 5.924952e-10
273 3.916063e-10
274 2.511043e-10
275 0.000000e+00
276 0.000000e+00
277 0.000000e+00
278 0.000000e+00
279 0.000000e+00
280 6.378933e-08
281 5.558197e-08
282 4.530564e-08
283 3.465741e-08
284 2.523098e-08
285 1.767463e-08
286 1.181370e-08
287 7.531524e-09
288 4.760874e-09
289 3.019886e-09
290 1.949097e-09
291 1.282112e-09
292 8.523095e-10
293 5.641386e-10
294 3.661874e-10
295 0.000000e+00
296 0.000000e+00
297 0.000000e+00
298 0.000000e+00
299 0.000000e+00
300 7.717051e-07
301 5.891047e-07
302 4.395656e-07
303 3.074628e-07
304 1.972876e-07
305 1.253839e-07
306 7.932119e-08
307 0.000000e+00
308 0.000000e+00
309 0.000000e+00
310 0.000000e+00
311 0.000000e+00
312 0.000000e+00
313 0.000000e+00
314 0.000000e+00
315 0.000000e+00
316 0.000000e+00
317 0.000000e+00
318 0.000000e+00
319 0.000000e+00
320 1.009346e-06
321 7.735758e-07
322 5.785997e-07
323 4.084709e-07
324 2.633562e-07
325 1.673114e-07
326 1.056684e-07
327 0.000000e+00
328 0.000000e+00
329 0.000000e+00
330 0.000000e+00
331 0.000000e+00
332 0.000000e+00
333 0.000000e+00
334 0.000000e+00
335 0.000000e+00
336 0.000000e+00
337 0.000000e+00
338 0.000000e+00
339 0.000000e+00
340 1.159986e-06
341 8.907622e-07
342 6.669492e-07
343 4.727378e-07
344 3.055311e-07
345 1.940664e-07
346 1.224887e-07
347 0.000000e+00
348 0.000000e+00
349 0.000000e+00
350 0.000000e+00
351 0.000000e+00
352 0.000000e+00
353 0.000000e+00
354 0.000000e+00
355 0.000000e+00
356 0.000000e+00
357 0.000000e+00
358 0.000000e+00
359 0.000000e+00
360 1.289284e-06
361 9.913353e-07
362 7.427728e-07
363 5.278979e-07
364 3.417298e-07
365 2.170326e-07
366 1.369256e-07
367 0.000000e+00
368 0.000000e+00
369 0.000000e+00
370 0.000000e+00
371 0.000000e+00
372 0.000000e+00
373 0.000000e+00
374 0.000000e+00
375 0.000000e+00
376 0.000000e+00
377 0.000000e+00
378 0.000000e+00
379 0.000000e+00
380 5.060445e-07
381 4.015491e-07
382 3.036368e-07
383 2.273527e-07
384 1.531800e-07
385 9.687158e-08
386 6.083605e-08
387 3.826147e-08
388 0.000000e+00
389 0.000000e+00
390 0.000000e+00
391 0.000000e+00
392 0.000000e+00
393 0.000000e+00
394 0.000000e+00
395 0.000000e+00
396 0.000000e+00
397 0.000000e+00
398 0.000000e+00
399 0.000000e+00
400 7.729490e-07
401 6.198580e-07
402 4.694607e-07
403 3.528322e-07
404 2.414107e-07
405 1.525321e-07
406 9.602279e-08
407 6.014885e-08
408 0.000000e+00
409 0.000000e+00
410 0.000000e+00
411 0.000000e+00
412 0.000000e+00
413 0.000000e+00
414 0.000000e+00
415 0.000000e+00
416 0.000000e+00
417 0.000000e+00
418 0.000000e+00
419 0.000000e+00
420 9.523367e-07
421 7.674866e-07
422 5.818813e-07
423 4.378666e-07
424 3.016163e-07
425 1.906246e-07
426 1.201119e-07
427 7.511592e-08
428 0.000000e+00
429 0.000000e+00
430 0.000000e+00
431 0.000000e+00
432 0.000000e+00
433 0.000000e+00
434 0.000000e+00
435 0.000000e+00
436 0.000000e+00
437 0.000000e+00
438 0.000000e+00
439 0.000000e+00
440 1.106518e-06
441 8.944085e-07
442 6.785452e-07
443 5.109797e-07
444 3.533901e-07
445 2.233910e-07
446 1.408322e-07
447 8.799034e-08
448 0.000000e+00
449 0.000000e+00
450 0.000000e+00
451 0.000000e+00
452 0.000000e+00
453 0.000000e+00
454 0.000000e+00
455 0.000000e+00
456 0.000000e+00
457 0.000000e+00
458 0.000000e+00
459 0.000000e+00
460 5.456409e-07
461 4.677425e-07
462 3.610311e-07
463 2.729909e-07
464 2.023482e-07
465 1.294791e-07
466 8.229782e-08
467 5.070507e-08
468 3.175186e-08
469 0.000000e+00
470 0.000000e+00
471 0.000000e+00
472 0.000000e+00
473 0.000000e+00
474 0.000000e+00
475 0.000000e+00
476 0.000000e+00
477 0.000000e+00
478 0.000000e+00
479 0.000000e+00
480 7.404942e-07
481 6.395814e-07
482 4.959369e-07
483 3.746699e-07
484 2.790911e-07
485 1.799298e-07
486 1.141780e-07
487 7.037444e-08
488 4.397069e-08
489 0.000000e+00
490 0.000000e+00
491 0.000000e+00
492 0.000000e+00
493 0.000000e+00
494 0.000000e+00
495 0.000000e+00
496 0.000000e+00
497 0.000000e+00
498 0.000000e+00
499 0.000000e+00
500 9.092640e-07
501 7.885465e-07
502 6.129899e-07
503 4.629022e-07
504 3.456861e-07
505 2.237740e-07
506 1.418724e-07
507 8.746990e-08
508 5.458740e-08
509 0.000000e+00
510 0.000000e+00
511 0.000000e+00
512 0.000000e+00
513 0.000000e+00
514 0.000000e+00
515 0.000000e+00
516 0.000000e+00
517 0.000000e+00
518 0.000000e+00
519 0.000000e+00
520 3.570805e-07
521 3.260552e-07
522 2.622568e-07
523 1.971475e-07
524 1.507763e-07
525 1.032101e-07
526 6.446948e-08
527 4.001619e-08
528 2.465318e-08
529 0.000000e+00
530 0.000000e+00
531 0.000000e+00
532 0.000000e+00
533 0.000000e+00
534 0.000000e+00
535 0.000000e+00
536 0.000000e+00
537 0.000000e+00
538 0.000000e+00
539 0.000000e+00
540 5.543691e-07
541 5.108030e-07
542 4.143951e-07
543 3.119862e-07
544 2.384112e-07
545 1.655577e-07
546 1.030651e-07
547 6.427624e-08
548 3.948856e-08
549 0.000000e+00
550 0.000000e+00
551 0.000000e+00
552 0.000000e+00
553 0.000000e+00
554 0.000000e+00
555 0.000000e+00
556 0.000000e+00
557 0.000000e+00
558 0.000000e+00
559 0.000000e+00
560 7.296804e-07
561 6.753299e-07
562 5.502259e-07
563 4.146271e-07
564 3.166835e-07
565 2.214173e-07
566 1.376760e-07
567 8.605076e-08
568 5.279255e-08
569 0.000000e+00
570 0.000000e+00
571 0.000000e+00
572 0.000000e+00
573 0.000000e+00
574 0.000000e+00
575 0.000000e+00
576 0.000000e+00
577 0.000000e+00
578 0.000000e+00
579 0.000000e+00
580 2.170994e-07
581 2.083434e-07
582 1.757311e-07
583 1.334667e-07
584 1.013576e-07
585 7.472349e-08
586 4.599646e-08
587 2.928607e-08
588 1.778055e-08
589 1.094804e-08
590 0.000000e+00
591 0.000000e+00
592 0.000000e+00
593 0.000000e+00
594 0.000000e+00
595 0.000000e+00
596 0.000000e+00
597 0.000000e+00
598 0.000000e+00
599 0.000000e+00
600 4.043143e-07
601 3.918646e-07
602 3.344012e-07
603 2.554997e-07
604 1.933763e-07
605 1.442064e-07
606 8.941427e-08
607 5.705664e-08
608 3.453126e-08
609 2.118808e-08
610 0.000000e+00
611 0.000000e+00
612 0.000000e+00
613 0.000000e+00
614 0.000000e+00
615 0.000000e+00
616 0.000000e+00
617 0.000000e+00
618 0.000000e+00
619 0.000000e+00
620 5.812511e-07
621 5.659740e-07
622 4.856801e-07
623 3.722562e-07
624 2.813286e-07
625 2.107742e-07
626 1.313076e-07
627 8.379161e-08
628 5.065674e-08
629 3.103796e-08
630 0.000000e+00
631 0.000000e+00
632 0.000000e+00
633 0.000000e+00
634 0.000000e+00
635 0.000000e+00
636 0.000000e+00
637 0.000000e+00
638 0.000000e+00
639 0.000000e+00
640 2.875415e-07
641 2.894246e-07
642 2.585102e-07
643 2.030244e-07
644 1.520040e-07
645 1.169139e-07
646 7.585041e-08
647 4.812009e-08
648 2.895464e-08
649 1.759523e-08
650 0.000000e+00
651 0.000000e+00
652 0.000000e+00
653 0.000000e+00
654 0.000000e+00
655 0.000000e+00
656 0.000000e+00
657 0.000000e+00
658 0.000000e+00
659 0.000000e+00
660 4.629122e-07
661 4.682310e-07
662 4.209863e-07
663 3.324437e-07
664 2.487916e-07
665 1.914815e-07
666 1.257138e-07
667 7.932212e-08
668 4.784185e-08
669 2.904643e-08
670 0.000000e+00
671 0.000000e+00
672 0.000000e+00
673 0.000000e+00
674 0.000000e+00
675 0.000000e+00
676 0.000000e+00
677 0.000000e+00
678 0.000000e+00
679 0.000000e+00
680 1.983029e-07
681 2.053582e-07
682 1.905141e-07
683 1.544726e-07
684 1.155147e-07
685 8.894576e-08
686 6.172266e-08
687 3.795009e-08
688 2.319226e-08
689 1.402197e-08
690 0.000000e+00
691 0.000000e+00
692 0.000000e+00
693 0.000000e+00
694 0.000000e+00
695 0.000000e+00
696 0.000000e+00
697 0.000000e+00
698 0.000000e+00
699 0.000000e+00
700 3.691983e-07
701 3.843567e-07
702 3.592554e-07
703 2.935495e-07
704 2.198890e-07
705 1.689027e-07
706 1.189253e-07
707 7.267247e-08
708 4.474846e-08
709 2.699241e-08
710 0.000000e+00
711 0.000000e+00
712 0.000000e+00
713 0.000000e+00
714 0.000000e+00
715 0.000000e+00
716 0.000000e+00
717 0.000000e+00
718 0.000000e+00
719 0.000000e+00
720 1.316018e-07
721 1.393038e-07
722 1.332682e-07
723 1.115094e-07
724 8.400883e-08
725 6.402804e-08
726 4.702433e-08
727 2.826156e-08
728 1.779855e-08
729 1.066074e-08
730 6.396026e-09
731 0.000000e+00
732 0.000000e+00
733 0.000000e+00
734 0.000000e+00
735 0.000000e+00
736 0.000000e+00
737 0.000000e+00
738 0.000000e+00
739 0.000000e+00
740 2.946159e-07
741 3.136394e-07
742 3.025452e-07
743 2.556228e-07
744 1.934240e-07
745 1.468651e-07
746 1.092043e-07
747 6.572831e-08
748 4.173401e-08
749 2.489482e-08
750 1.486911e-08
751 0.000000e+00
752 0.000000e+00
753 0.000000e+00
754 0.000000e+00
755 0.000000e+00
756 0.000000e+00
757 0.000000e+00
758 0.000000e+00
759 0.000000e+00
760 2.347104e-07
761 2.543451e-07
762 2.516973e-07
763 2.192644e-07
764 1.685520e-07
765 1.266031e-07
766 9.707516e-08
767 5.944288e-08
768 3.834221e-08
769 2.260819e-08
770 1.336804e-08
771 0.000000e+00
772 0.000000e+00
773 0.000000e+00
774 0.000000e+00
775 0.000000e+00
776 0.000000e+00
777 0.000000e+00
778 0.000000e+00
779 0.000000e+00
780 1.861760e-07
781 2.046937e-07
782 2.068442e-07
783 1.851302e-07
784 1.449903e-07
785 1.081856e-07
786 8.393418e-08
787 5.353194e-08
788 3.421626e-08
789 2.006039e-08
790 1.185850e-08
791 0.000000e+00
792 0.000000e+00
793 0.000000e+00
794 0.000000e+00
795 0.000000e+00
796 0.000000e+00
797 0.000000e+00
798 0.000000e+00
799 0.000000e+00
800 6.438319e-05
801 4.898045e-05
802 3.712048e-05
803 2.619749e-05
804 1.661223e-05
805 1.057754e-05
806 6.646402e-06
807 0.000000e+00
808 0.000000e+00
809 0.000000e+00
810 0.000000e+00
811 0.000000e+00
812 0.000000e+00
813 0.000000e+00
814 0.000000e+00
815 0.000000e+00
816 0.000000e+00
817 0.000000e+00
818 0.000000e+00
819 0.000000e+00
820 4.425423e-05
821 3.549325e-05
822 2.672667e-05
823 2.042218e-05
824 1.395575e-05
825 8.783727e-06
826 5.503674e-06
827 3.441902e-06
828 0.000000e+00
829 0.000000e+00
830 0.000000e+00
831 0.000000e+00
832 0.000000e+00
833 0.000000e+00
834 0.000000e+00
835 0.000000e+00
836 0.000000e+00
837 0.000000e+00
838 0.000000e+00
839 0.000000e+00
840 3.150448e-05
841 2.736511e-05
842 2.112703e-05
843 1.592227e-05
844 1.207864e-05
845 7.632835e-06
846 4.911568e-06
847 3.002393e-06
848 1.870275e-06
849 0.000000e+00
850 0.000000e+00
851 0.000000e+00
852 0.000000e+00
853 0.000000e+00
854 0.000000e+00
855 0.000000e+00
856 0.000000e+00
857 0.000000e+00
858 0.000000e+00
859 0.000000e+00
860 2.323140e-05
861 2.161080e-05
862 1.759589e-05
863 1.318146e-05
864 1.013501e-05
865 7.109861e-06
866 4.385067e-06
867 2.726016e-06
868 1.677066e-06
869 0.000000e+00
870 0.000000e+00
871 0.000000e+00
872 0.000000e+00
873 0.000000e+00
874 0.000000e+00
875 0.000000e+00
876 0.000000e+00
877 0.000000e+00
878 0.000000e+00
879 0.000000e+00
880 1.778650e-05
881 1.741448e-05
882 1.499228e-05
883 1.145664e-05
884 8.639422e-06
885 6.563534e-06
886 4.010615e-06
887 2.596751e-06
888 1.564747e-06
889 9.543459e-07
890 0.000000e+00
891 0.000000e+00
892 0.000000e+00
893 0.000000e+00
894 0.000000e+00
895 0.000000e+00
896 0.000000e+00
897 0.000000e+00
898 0.000000e+00
899 0.000000e+00
900 1.409499e-05
901 1.432941e-05
902 1.294733e-05
903 1.022819e-05
904 7.625598e-06
905 5.915019e-06
906 3.873622e-06
907 2.461691e-06
908 1.470554e-06
909 8.932073e-07
910 0.000000e+00
911 0.000000e+00
912 0.000000e+00
913 0.000000e+00
914 0.000000e+00
915 0.000000e+00
916 0.000000e+00
917 0.000000e+00
918 0.000000e+00
919 0.000000e+00
920 1.151027e-05
921 1.203748e-05
922 1.131283e-05
923 9.270943e-06
924 6.927559e-06
925 5.327126e-06
926 3.790436e-06
927 2.292551e-06
928 1.407778e-06
929 8.512254e-07
930 0.000000e+00
931 0.000000e+00
932 0.000000e+00
933 0.000000e+00
934 0.000000e+00
935 0.000000e+00
936 0.000000e+00
937 0.000000e+00
938 0.000000e+00
939 0.000000e+00
940 9.641140e-06
941 1.030637e-05
942 9.996281e-06
943 8.484889e-06
944 6.417484e-06
945 4.862173e-06
946 3.660592e-06
947 2.174129e-06
948 1.394089e-06
949 8.309576e-07
950 4.939903e-07
951 0.000000e+00
952 0.000000e+00
953 0.000000e+00
954 0.000000e+00
955 0.000000e+00
956 0.000000e+00
957 0.000000e+00
958 0.000000e+00
959 0.000000e+00
960 8.249804e-06
961 8.974683e-06
962 8.928757e-06
963 7.822032e-06
964 6.022270e-06
965 4.510231e-06
966 3.488883e-06
967 2.127121e-06
968 1.387822e-06
969 8.155719e-07
970 4.796140e-07
971 0.000000e+00
972 0.000000e+00
973 0.000000e+00
974 0.000000e+00
975 0.000000e+00
976 0.000000e+00
977 0.000000e+00
978 0.000000e+00
979 0.000000e+00
980 7.188418e-06
981 7.932602e-06
982 8.057453e-06
983 7.256423e-06
984 5.701958e-06
985 4.244326e-06
986 3.306783e-06
987 2.122092e-06
988 1.360026e-06
989 7.932032e-07
990 4.694052e-07
991 0.000000e+00
992 0.000000e+00
993 0.000000e+00
994 0.000000e+00
995 0.000000e+00
996 0.000000e+00
997 0.000000e+00
998 0.000000e+00
999 0.000000e+00
