0 6.567642e+03
1 3.011424e+03
2 1.298790e+03
3 4.598135e+02
4 9.052052e+01
5 9.437997e+03
6 3.931379e+03
7 1.509490e+03
8 4.585983e+02
9 7.309707e+01
10 8.774621e+03
11 3.279255e+03
12 1.105956e+03
13 2.840426e+02
14 3.600275e+01
15 6.342743e+03
16 2.107270e+03
17 6.185336e+02
18 1.330684e+02
19 1.328009e+01
20 2.448797e-08
21 1.673596e-08
22 1.098416e-08
23 6.924964e-09
24 4.256020e-09
25 2.976177e-08
26 2.009140e-08
27 1.289090e-08
28 8.036697e-09
29 4.860777e-09
30 3.604245e-08
31 2.383470e-08
32 1.503375e-08
33 9.251725e-09
34 5.515400e-09
35 4.392061e-08
36 2.831256e-08
37 1.763240e-08
38 1.066166e-08
39 6.277099e-09
40 5.386974e-08
41 3.392598e-08
42 2.080976e-08
43 1.237628e-08
44 7.186634e-09
45 3.458026e-08
46 2.366823e-08
47 1.557876e-08
48 9.834348e-09
49 6.054556e-09
50 4.201679e-08
51 2.845398e-08
52 1.828936e-08
53 1.142350e-08
54 6.918435e-09
55 5.091744e-08
56 3.379151e-08
57 2.133960e-08
58 1.315984e-08
59 7.854377e-09
60 6.213909e-08
61 4.016225e-08
62 2.505518e-08
63 1.517260e-08
64 8.943798e-09
65 7.633994e-08
66 4.815097e-08
67 2.959147e-08
68 1.762400e-08
69 1.024462e-08
70 4.071883e-08
71 2.788454e-08
72 1.837338e-08
73 1.160288e-08
74 7.147874e-09
75 4.947056e-08
76 3.354030e-08
77 2.157292e-08
78 1.348228e-08
79 8.169284e-09
80 5.996453e-08
81 3.984760e-08
82 2.517507e-08
83 1.553555e-08
84 9.276257e-09
85 7.321979e-08
86 4.736972e-08
87 2.956732e-08
88 1.791479e-08
89 1.056492e-08
90 9.000700e-08
91 5.680319e-08
92 3.492975e-08
93 2.081412e-08
94 1.210363e-08
95 4.595280e-08
96 3.147953e-08
97 2.075619e-08
98 1.311079e-08
99 8.080080e-09
100 5.582591e-08
101 3.787709e-08
102 2.437262e-08
103 1.523767e-08
104 9.235806e-09
105 6.767842e-08
106 4.501125e-08
107 2.844533e-08
108 1.756117e-08
109 1.048845e-08
110 8.266761e-08
111 5.351509e-08
112 3.341455e-08
113 2.025288e-08
114 1.194697e-08
115 1.016601e-07
116 6.418040e-08
117 3.948137e-08
118 2.353380e-08
119 1.368849e-08
120 2.502556e-08
121 1.668150e-08
122 1.137303e-08
123 7.576655e-09
124 4.760645e-09
125 3.001905e-08
126 2.003637e-08
127 1.371572e-08
128 8.860231e-09
129 5.520710e-09
130 3.576279e-08
131 2.415991e-08
132 1.631417e-08
133 1.028621e-08
134 6.349801e-09
135 4.314755e-08
136 2.950273e-08
137 1.932386e-08
138 1.203217e-08
139 7.295870e-09
140 5.337662e-08
141 3.634243e-08
142 2.302333e-08
143 1.416865e-08
144 8.449686e-09
145 3.618711e-08
146 2.412205e-08
147 1.642455e-08
148 1.096312e-08
149 6.891448e-09
150 4.342189e-08
151 2.894472e-08
152 1.981458e-08
153 1.282516e-08
154 7.993911e-09
155 5.171526e-08
156 3.487217e-08
157 2.358943e-08
158 1.489060e-08
159 9.196404e-09
160 6.233438e-08
161 4.258160e-08
162 2.796697e-08
163 1.741746e-08
164 1.056810e-08
165 7.701885e-08
166 5.251479e-08
167 3.332922e-08
168 2.051161e-08
169 1.224224e-08
170 4.570836e-08
171 3.046914e-08
172 2.073354e-08
173 1.385200e-08
174 8.709201e-09
175 5.485520e-08
176 3.654367e-08
177 2.501705e-08
178 1.620755e-08
179 1.010377e-08
180 6.532341e-08
181 4.400967e-08
182 2.979559e-08
183 1.881853e-08
184 1.162480e-08
185 7.870106e-08
186 5.373782e-08
187 3.534019e-08
188 2.201155e-08
189 1.335958e-08
190 9.718523e-08
191 6.631021e-08
192 4.212099e-08
193 2.592268e-08
194 1.547759e-08
195 2.711283e-08
196 1.896206e-08
197 1.235610e-08
198 8.357054e-09
199 5.514756e-09
200 3.329588e-08
201 2.245053e-08
202 1.468377e-08
203 1.001978e-08
204 6.360627e-09
205 4.014489e-08
206 2.635171e-08
207 1.754715e-08
208 1.180234e-08
209 7.286816e-09
210 4.814646e-08
211 3.124893e-08
212 2.123487e-08
213 1.376470e-08
214 8.444570e-09
215 5.792598e-08
216 3.799548e-08
217 2.587893e-08
218 1.612811e-08
219 9.880053e-09
220 4.080539e-08
221 2.858358e-08
222 1.862320e-08
223 1.258302e-08
224 8.313664e-09
225 5.013648e-08
226 3.384638e-08
227 2.211633e-08
228 1.508781e-08
229 9.589256e-09
230 6.047697e-08
231 3.971719e-08
232 2.641040e-08
233 1.777986e-08
234 1.098452e-08
235 7.255325e-08
236 4.706411e-08
237 3.195115e-08
238 2.074697e-08
239 1.272941e-08
240 8.728830e-08
241 5.716952e-08
242 3.895990e-08
243 2.431346e-08
244 1.489389e-08
245 1.599549e-08
246 1.198714e-08
247 8.015922e-09
248 5.127473e-09
249 3.472985e-09
250 2.003382e-08
251 1.439975e-08
252 9.316060e-09
253 6.075429e-09
254 4.102116e-09
255 2.465611e-08
256 1.697060e-08
257 1.079653e-08
258 7.242396e-09
259 4.747754e-09
260 3.016374e-08
261 1.989504e-08
262 1.272957e-08
263 8.695078e-09
264 5.439924e-09
265 3.684337e-08
266 2.349424e-08
267 1.548561e-08
268 1.041075e-08
269 6.254594e-09
270 3.276609e-08
271 2.460483e-08
272 1.648146e-08
273 1.052978e-08
274 7.129353e-09
275 4.106453e-08
276 2.957888e-08
277 1.915537e-08
278 1.246590e-08
279 8.430267e-09
280 5.057488e-08
281 3.488081e-08
282 2.218805e-08
283 1.485459e-08
284 9.764266e-09
285 6.192074e-08
286 4.090362e-08
287 2.613075e-08
288 1.783937e-08
289 1.118378e-08
290 7.569567e-08
291 4.828623e-08
292 3.174105e-08
293 2.137750e-08
294 1.284538e-08
