0 3.462894e-10
1 2.306401e-10
2 1.561375e-10
3 1.079189e-10
4 7.546278e-11
5 5.254191e-11
6 3.578711e-11
7 2.349597e-11
8 1.471822e-11
9 8.753211e-12
10 4.944422e-12
11 2.666202e-12
12 1.383426e-12
13 6.968091e-13
14 3.434347e-13
15 0.000000e+00
16 0.000000e+00
17 0.000000e+00
18 0.000000e+00
19 0.000000e+00
20 6.013900e-10
21 3.986778e-10
22 2.660297e-10
23 1.812101e-10
24 1.257049e-10
25 8.770348e-11
26 6.053487e-11
27 4.063974e-11
28 2.617935e-11
29 1.604448e-11
30 9.327754e-12
31 5.156921e-12
32 2.729354e-12
33 1.394997e-12
34 6.945740e-13
35 0.000000e+00
36 0.000000e+00
37 0.000000e+00
38 0.000000e+00
39 0.000000e+00
40 7.731280e-10
41 5.119952e-10
42 3.402871e-10
43 2.300674e-10
44 1.584678e-10
45 1.103255e-10
46 7.643472e-11
47 5.179880e-11
48 3.382518e-11
49 2.106679e-11
50 1.245345e-11
51 6.992212e-12
52 3.749012e-12
53 1.935401e-12
54 9.705805e-13
55 0.000000e+00
56 0.000000e+00
57 0.000000e+00
58 0.000000e+00
59 0.000000e+00
60 8.812031e-10
61 5.849130e-10
62 3.876209e-10
63 2.612991e-10
64 1.790376e-10
65 1.243920e-10
66 8.629597e-11
67 5.872726e-11
68 3.860718e-11
69 2.424680e-11
70 1.446335e-11
71 8.191887e-12
72 4.425818e-12
73 2.298701e-12
74 1.157937e-12
75 0.000000e+00
76 0.000000e+00
77 0.000000e+00
78 0.000000e+00
79 0.000000e+00
80 9.521983e-10
81 6.326430e-10
82 4.188207e-10
83 2.811920e-10
84 1.926539e-10
85 1.337354e-10
86 9.278469e-11
87 6.327528e-11
88 4.174935e-11
89 2.634226e-11
90 1.579369e-11
91 8.990324e-12
92 4.878866e-12
93 2.543167e-12
94 1.284546e-12
95 0.000000e+00
96 0.000000e+00
97 0.000000e+00
98 0.000000e+00
99 0.000000e+00
100 1.003147e-09
101 6.673213e-10
102 4.420245e-10
103 2.961746e-10
104 2.025557e-10
105 1.403374e-10
106 9.742753e-11
107 6.654281e-11
108 4.400755e-11
109 2.784900e-11
110 1.675079e-11
111 9.565088e-12
112 5.205204e-12
113 2.719379e-12
114 1.375864e-12
115 0.000000e+00
116 0.000000e+00
117 0.000000e+00
118 0.000000e+00
119 0.000000e+00
120 1.045349e-09
121 6.938688e-10
122 4.589952e-10
123 3.076587e-10
124 2.097923e-10
125 1.455309e-10
126 1.010041e-10
127 6.904055e-11
128 4.573246e-11
129 2.900024e-11
130 1.748265e-11
131 1.000503e-11
132 5.455201e-12
133 2.854442e-12
134 1.445878e-12
135 0.000000e+00
136 0.000000e+00
137 0.000000e+00
138 0.000000e+00
139 0.000000e+00
140 1.074265e-09
141 7.156842e-10
142 4.733554e-10
143 3.167977e-10
144 2.162001e-10
145 1.497164e-10
146 1.038482e-10
147 7.104789e-11
148 4.712051e-11
149 2.992606e-11
150 1.807048e-11
151 1.035787e-11
152 5.655434e-12
153 2.962512e-12
154 1.501862e-12
155 0.000000e+00
156 0.000000e+00
157 0.000000e+00
158 0.000000e+00
159 0.000000e+00
160 1.104606e-09
161 7.352580e-10
162 4.862048e-10
163 3.252404e-10
164 2.217390e-10
165 1.535684e-10
166 1.066090e-10
167 7.292743e-11
168 4.841760e-11
169 3.078941e-11
170 1.861745e-11
171 1.070137e-11
172 5.850959e-12
173 3.068317e-12
174 1.556784e-12
175 0.000000e+00
176 0.000000e+00
177 0.000000e+00
178 0.000000e+00
179 0.000000e+00
180 1.135545e-09
181 7.578447e-10
182 5.004272e-10
183 3.345624e-10
184 2.275817e-10
185 1.577030e-10
186 1.095227e-10
187 7.503183e-11
188 4.987264e-11
189 3.178949e-11
190 1.925583e-11
191 1.107944e-11
192 6.065167e-12
193 3.183757e-12
194 1.616530e-12
195 0.000000e+00
196 0.000000e+00
197 0.000000e+00
198 0.000000e+00
199 0.000000e+00
200 1.204550e-09
201 7.982172e-10
202 5.263102e-10
203 3.522318e-10
204 2.405294e-10
205 1.670135e-10
206 1.163079e-10
207 7.978829e-11
208 5.300400e-11
209 3.366065e-11
210 2.028643e-11
211 1.158786e-11
212 6.300345e-12
213 3.286706e-12
214 1.660412e-12
215 0.000000e+00
216 0.000000e+00
217 0.000000e+00
218 0.000000e+00
219 0.000000e+00
220 1.705858e-09
221 1.139104e-09
222 7.493865e-10
223 4.967095e-10
224 3.354473e-10
225 2.313248e-10
226 1.610242e-10
227 1.113391e-10
228 7.507233e-11
229 4.862712e-11
230 2.995981e-11
231 1.748871e-11
232 9.692176e-12
233 5.134069e-12
234 2.623155e-12
235 0.000000e+00
236 0.000000e+00
237 0.000000e+00
238 0.000000e+00
239 0.000000e+00
240 2.068651e-09
241 1.392526e-09
242 9.162025e-10
243 6.044443e-10
244 4.060799e-10
245 2.779846e-10
246 1.931568e-10
247 1.339013e-10
248 9.092986e-11
249 5.952749e-11
250 3.714514e-11
251 2.197283e-11
252 1.232854e-11
253 6.598493e-12
254 3.398186e-12
255 0.000000e+00
256 0.000000e+00
257 0.000000e+00
258 0.000000e+00
259 0.000000e+00
260 2.322347e-09
261 1.570362e-09
262 1.033655e-09
263 6.806766e-10
264 4.552033e-10
265 3.110374e-10
266 2.156487e-10
267 1.496072e-10
268 1.019696e-10
269 6.714436e-11
270 4.220246e-11
271 2.515964e-11
272 1.422239e-11
273 7.661280e-12
274 3.965505e-12
275 0.000000e+00
276 0.000000e+00
277 0.000000e+00
278 0.000000e+00
279 0.000000e+00
280 2.504982e-09
281 1.700527e-09
282 1.121576e-09
283 7.366553e-10
284 4.927465e-10
285 3.347745e-10
286 2.319335e-10
287 1.610294e-10
288 1.099921e-10
289 7.268170e-11
290 4.588354e-11
291 2.748373e-11
292 1.560695e-11
293 8.440377e-12
294 4.382450e-12
295 0.000000e+00
296 0.000000e+00
297 0.000000e+00
298 0.000000e+00
299 0.000000e+00
300 2.650619e-09
301 1.799832e-09
302 1.185837e-09
303 7.798913e-10
304 5.195554e-10
305 3.533531e-10
306 2.446450e-10
307 1.698411e-10
308 1.161714e-10
309 7.694750e-11
310 4.871983e-11
311 2.927477e-11
312 1.667408e-11
313 9.040885e-12
314 4.703838e-12
315 0.000000e+00
316 0.000000e+00
317 0.000000e+00
318 0.000000e+00
319 0.000000e+00
320 2.764644e-09
321 1.882593e-09
322 1.242374e-09
323 8.156710e-10
324 5.418261e-10
325 3.683805e-10
326 2.548767e-10
327 1.770639e-10
328 1.212552e-10
329 8.045506e-11
330 5.105010e-11
331 3.074511e-11
332 1.754961e-11
333 9.533405e-12
334 4.967387e-12
335 0.000000e+00
336 0.000000e+00
337 0.000000e+00
338 0.000000e+00
339 0.000000e+00
340 2.869190e-09
341 1.957370e-09
342 1.295625e-09
343 8.473666e-10
344 5.636491e-10
345 3.828217e-10
346 2.643333e-10
347 1.836248e-10
348 1.258621e-10
349 8.363446e-11
350 5.316486e-11
351 3.208180e-11
352 1.837226e-11
353 9.997496e-12
354 5.216104e-12
355 0.000000e+00
356 0.000000e+00
357 0.000000e+00
358 0.000000e+00
359 0.000000e+00
360 2.987291e-09
361 2.038770e-09
362 1.346660e-09
363 8.829584e-10
364 5.874016e-10
365 3.978262e-10
366 2.748731e-10
367 1.909561e-10
368 1.310066e-10
369 8.721130e-11
370 5.554525e-11
371 3.358651e-11
372 1.924464e-11
373 1.048845e-11
374 5.478699e-12
375 0.000000e+00
376 0.000000e+00
377 0.000000e+00
378 0.000000e+00
379 0.000000e+00
380 2.625489e-09
381 1.783548e-09
382 1.173362e-09
383 7.705718e-10
384 5.133117e-10
385 3.496201e-10
386 2.421794e-10
387 1.683451e-10
388 1.152222e-10
389 7.631898e-11
390 4.828594e-11
391 2.896931e-11
392 1.646378e-11
393 8.904617e-12
394 4.622042e-12
395 0.000000e+00
396 0.000000e+00
397 0.000000e+00
398 0.000000e+00
399 0.000000e+00
400 3.395587e-09
401 2.334467e-09
402 1.547016e-09
403 1.011275e-09
404 6.693864e-10
405 4.512247e-10
406 3.107031e-10
407 2.159327e-10
408 1.487576e-10
409 9.974332e-11
410 6.413430e-11
411 3.917675e-11
412 2.266186e-11
413 1.244817e-11
414 6.541149e-12
415 0.000000e+00
416 0.000000e+00
417 0.000000e+00
418 0.000000e+00
419 0.000000e+00
420 3.983283e-09
421 2.761163e-09
422 1.839271e-09
423 1.204269e-09
424 7.906015e-10
425 5.301933e-10
426 3.637178e-10
427 2.523873e-10
428 1.743649e-10
429 1.176799e-10
430 7.637998e-11
431 4.717266e-11
432 2.759664e-11
433 1.531597e-11
434 8.116652e-12
435 0.000000e+00
436 0.000000e+00
437 0.000000e+00
438 0.000000e+00
439 0.000000e+00
440 4.423607e-09
441 3.081953e-09
442 2.061173e-09
443 1.346140e-09
444 8.858696e-10
445 5.909121e-10
446 4.036725e-10
447 2.798878e-10
448 1.936266e-10
449 1.311700e-10
450 8.560929e-11
451 5.322377e-11
452 3.135211e-11
453 1.751231e-11
454 9.330685e-12
455 0.000000e+00
456 0.000000e+00
457 0.000000e+00
458 0.000000e+00
459 0.000000e+00
460 4.769441e-09
461 3.331058e-09
462 2.232376e-09
463 1.458524e-09
464 9.566180e-10
465 6.379641e-10
466 4.350941e-10
467 3.012756e-10
468 2.085643e-10
469 1.416323e-10
470 9.276928e-11
471 5.792170e-11
472 3.427095e-11
473 1.922160e-11
474 1.027682e-11
475 0.000000e+00
476 0.000000e+00
477 0.000000e+00
478 0.000000e+00
479 0.000000e+00
480 5.049597e-09
481 3.536713e-09
482 2.374552e-09
483 1.551878e-09
484 1.016950e-09
485 6.778564e-10
486 4.605568e-10
487 3.189138e-10
488 2.209616e-10
489 1.503134e-10
490 9.870906e-11
491 6.181824e-11
492 3.669166e-11
493 2.063919e-11
494 1.106154e-11
495 0.000000e+00
496 0.000000e+00
497 0.000000e+00
498 0.000000e+00
499 0.000000e+00
500 5.304506e-09
501 3.723363e-09
502 2.509369e-09
503 1.635569e-09
504 1.070613e-09
505 7.125407e-10
506 4.840348e-10
507 3.348538e-10
508 2.321251e-10
509 1.581290e-10
510 1.040587e-10
511 6.532951e-11
512 3.887412e-11
513 2.191801e-11
514 1.176940e-11
515 0.000000e+00
516 0.000000e+00
517 0.000000e+00
518 0.000000e+00
519 0.000000e+00
520 5.588495e-09
521 3.925323e-09
522 2.646452e-09
523 1.728334e-09
524 1.129903e-09
525 7.506015e-10
526 5.098702e-10
527 3.527105e-10
528 2.446148e-10
529 1.668677e-10
530 1.100040e-10
531 6.923135e-11
532 4.129912e-11
533 2.333833e-11
534 1.255602e-11
535 0.000000e+00
536 0.000000e+00
537 0.000000e+00
538 0.000000e+00
539 0.000000e+00
540 4.669127e-09
541 3.267507e-09
542 2.192387e-09
543 1.426862e-09
544 9.385295e-10
545 6.257334e-10
546 4.260472e-10
547 2.950537e-10
548 2.042979e-10
549 1.387821e-10
550 9.094970e-11
551 5.681686e-11
552 3.363063e-11
553 1.886447e-11
554 1.008415e-11
555 0.000000e+00
556 0.000000e+00
557 0.000000e+00
558 0.000000e+00
559 0.000000e+00
560 5.762509e-09
561 4.067600e-09
562 2.760591e-09
563 1.809857e-09
564 1.178068e-09
565 7.796396e-10
566 5.275771e-10
567 3.636607e-10
568 2.520591e-10
569 1.723613e-10
570 1.142390e-10
571 7.240165e-11
572 4.353406e-11
573 2.479189e-11
574 1.342615e-11
575 0.000000e+00
576 0.000000e+00
577 0.000000e+00
578 0.000000e+00
579 0.000000e+00
580 6.632201e-09
581 4.714715e-09
582 3.222104e-09
583 2.121185e-09
584 1.380244e-09
585 9.075822e-10
586 6.102718e-10
587 4.192707e-10
588 2.905116e-10
589 1.993371e-10
590 1.329910e-10
591 8.503206e-11
592 5.163860e-11
593 2.969911e-11
594 1.622537e-11
595 0.000000e+00
596 0.000000e+00
597 0.000000e+00
598 0.000000e+00
599 0.000000e+00
600 7.322884e-09
601 5.228289e-09
602 3.591287e-09
603 2.362793e-09
604 1.535137e-09
605 1.009701e-09
606 6.768633e-10
607 4.636604e-10
608 3.210674e-10
609 2.207544e-10
610 1.478827e-10
611 9.507948e-11
612 5.810452e-11
613 3.362888e-11
614 1.847624e-11
615 0.000000e+00
616 0.000000e+00
617 0.000000e+00
618 0.000000e+00
619 0.000000e+00
620 7.895731e-09
621 5.655771e-09
622 3.893902e-09
623 2.569071e-09
624 1.668330e-09
625 1.095652e-09
626 7.313655e-10
627 5.003990e-10
628 3.465235e-10
629 2.385903e-10
630 1.602831e-10
631 1.034462e-10
632 6.348972e-11
633 3.690285e-11
634 2.035227e-11
635 0.000000e+00
636 0.000000e+00
637 0.000000e+00
638 0.000000e+00
639 0.000000e+00
640 8.409493e-09
641 6.036558e-09
642 4.168889e-09
643 2.753275e-09
644 1.786133e-09
645 1.170394e-09
646 7.808520e-10
647 5.334349e-10
648 3.693141e-10
649 2.545473e-10
650 1.713759e-10
651 1.109305e-10
652 6.830701e-11
653 3.983168e-11
654 2.203065e-11
655 0.000000e+00
656 0.000000e+00
657 0.000000e+00
658 0.000000e+00
659 0.000000e+00
660 8.983446e-09
661 6.457323e-09
662 4.470391e-09
663 2.956259e-09
664 1.917134e-09
665 1.254813e-09
666 8.359010e-10
667 5.702599e-10
668 3.946466e-10
669 2.722836e-10
670 1.837069e-10
671 1.192508e-10
672 7.366387e-11
673 4.308890e-11
674 2.389736e-11
675 0.000000e+00
676 0.000000e+00
677 0.000000e+00
678 0.000000e+00
679 0.000000e+00
680 7.470819e-09
681 5.343005e-09
682 3.683776e-09
683 2.434263e-09
684 1.577873e-09
685 1.035400e-09
686 6.926566e-10
687 4.736571e-10
688 3.277679e-10
689 2.254717e-10
690 1.513462e-10
691 9.761609e-11
692 5.988854e-11
693 3.480311e-11
694 1.919192e-11
695 0.000000e+00
696 0.000000e+00
697 0.000000e+00
698 0.000000e+00
699 0.000000e+00
700 8.962035e-09
701 6.475413e-09
702 4.506193e-09
703 3.007925e-09
704 1.948649e-09
705 1.271703e-09
706 8.437718e-10
707 5.730623e-10
708 3.953806e-10
709 2.726101e-10
710 1.843190e-10
711 1.202113e-10
712 7.475373e-11
713 4.406593e-11
714 2.462698e-11
715 0.000000e+00
716 0.000000e+00
717 0.000000e+00
718 0.000000e+00
719 0.000000e+00
720 1.022013e-08
721 7.422089e-09
722 5.199407e-09
723 3.484474e-09
724 2.260344e-09
725 1.472000e-09
726 9.721006e-10
727 6.572064e-10
728 4.521715e-10
729 3.120537e-10
730 2.118824e-10
731 1.391469e-10
732 8.727990e-11
733 5.193159e-11
734 2.928337e-11
735 0.000000e+00
736 0.000000e+00
737 0.000000e+00
738 0.000000e+00
739 0.000000e+00
740 1.126999e-08
741 8.218345e-09
742 5.775916e-09
743 3.892586e-09
744 2.522734e-09
745 1.641410e-09
746 1.080491e-09
747 7.278713e-10
748 5.000664e-10
749 3.452698e-10
750 2.350825e-10
751 1.550874e-10
752 9.783396e-11
753 5.856877e-11
754 3.322016e-11
755 0.000000e+00
756 0.000000e+00
757 0.000000e+00
758 0.000000e+00
759 0.000000e+00
760 1.220879e-08
761 8.932367e-09
762 6.303089e-09
763 4.257160e-09
764 2.764298e-09
765 1.794624e-09
766 1.178030e-09
767 7.919700e-10
768 5.430582e-10
769 3.750557e-10
770 2.558784e-10
771 1.693765e-10
772 1.072959e-10
773 6.452078e-11
774 3.675893e-11
775 0.000000e+00
776 0.000000e+00
777 0.000000e+00
778 0.000000e+00
779 0.000000e+00
780 1.325169e-08
781 9.720498e-09
782 6.879354e-09
783 4.660959e-09
784 3.029279e-09
785 1.966225e-09
786 1.286052e-09
787 8.623111e-10
788 5.907093e-10
789 4.074261e-10
790 2.790029e-10
791 1.852658e-10
792 1.178180e-10
793 7.113979e-11
794 4.067926e-11
795 0.000000e+00
796 0.000000e+00
797 0.000000e+00
798 0.000000e+00
799 0.000000e+00
800 1.124590e-08
801 8.224305e-09
802 5.793708e-09
803 3.922601e-09
804 2.545983e-09
805 1.653043e-09
806 1.086704e-09
807 7.306296e-10
808 5.009562e-10
809 3.455380e-10
810 2.353405e-10
811 1.555058e-10
812 9.836296e-11
813 5.908976e-11
814 3.364079e-11
815 0.000000e+00
816 0.000000e+00
817 0.000000e+00
818 0.000000e+00
819 0.000000e+00
820 1.331041e-08
821 9.821608e-09
822 6.978725e-09
823 4.761591e-09
824 3.113361e-09
825 2.013728e-09
826 1.316601e-09
827 8.784714e-10
828 5.987630e-10
829 4.124887e-10
830 2.819859e-10
831 1.878497e-10
832 1.201788e-10
833 7.315201e-11
834 4.221021e-11
835 0.000000e+00
836 0.000000e+00
837 0.000000e+00
838 0.000000e+00
839 0.000000e+00
840 1.509498e-08
841 1.121565e-08
842 8.008369e-09
843 5.510535e-09
844 3.612689e-09
845 2.333486e-09
846 1.519112e-09
847 1.008115e-09
848 6.849858e-10
849 4.712399e-10
850 3.228172e-10
851 2.161551e-10
852 1.393121e-10
853 8.553736e-11
854 4.980131e-11
855 0.000000e+00
856 0.000000e+00
857 0.000000e+00
858 0.000000e+00
859 0.000000e+00
860 1.669967e-08
861 1.247176e-08
862 8.948009e-09
863 6.181942e-09
864 4.084018e-09
865 2.624236e-09
866 1.705068e-09
867 1.127375e-09
868 7.629797e-10
869 5.243028e-10
870 3.596583e-10
871 2.416919e-10
872 1.565784e-10
873 9.672154e-11
874 5.666285e-11
875 0.000000e+00
876 0.000000e+00
877 0.000000e+00
878 0.000000e+00
879 0.000000e+00
880 1.848314e-08
881 1.386783e-08
882 9.988705e-09
883 6.929608e-09
884 4.578656e-09
885 2.949881e-09
886 1.910612e-09
887 1.258648e-09
888 8.494576e-10
889 5.832063e-10
890 4.005500e-10
891 2.700331e-10
892 1.757380e-10
893 1.091302e-10
894 6.428573e-11
895 0.000000e+00
896 0.000000e+00
897 0.000000e+00
898 0.000000e+00
899 0.000000e+00
900 1.637711e-08
901 1.226400e-08
902 8.811541e-09
903 6.088134e-09
904 4.033364e-09
905 2.598602e-09
906 1.689140e-09
907 1.114385e-09
908 7.527251e-10
909 5.163055e-10
910 3.538039e-10
911 2.377847e-10
912 1.542575e-10
913 9.552673e-11
914 5.615111e-11
915 0.000000e+00
916 0.000000e+00
917 0.000000e+00
918 0.000000e+00
919 0.000000e+00
920 1.923359e-08
921 1.457945e-08
922 1.055631e-08
923 7.373698e-09
924 4.925470e-09
925 3.176537e-09
926 2.055481e-09
927 1.345868e-09
928 9.023930e-10
929 6.161693e-10
930 4.223717e-10
931 2.853420e-10
932 1.868182e-10
933 1.170804e-10
934 6.974177e-11
935 0.000000e+00
936 0.000000e+00
937 0.000000e+00
938 0.000000e+00
939 0.000000e+00
940 2.186063e-08
941 1.671912e-08
942 1.218864e-08
943 8.569702e-09
944 5.779193e-09
945 3.721508e-09
946 2.399681e-09
947 1.564870e-09
948 1.042765e-09
949 7.094406e-10
950 4.862000e-10
951 3.295487e-10
952 2.170935e-10
953 1.371613e-10
954 8.244704e-11
955 0.000000e+00
956 0.000000e+00
957 0.000000e+00
958 0.000000e+00
959 0.000000e+00
960 2.479204e-08
961 1.911389e-08
962 1.400667e-08
963 9.902429e-09
964 6.711917e-09
965 4.331852e-09
966 2.781373e-09
967 1.806825e-09
968 1.199367e-09
969 8.134148e-10
970 5.572756e-10
971 3.787625e-10
972 2.507908e-10
973 1.595118e-10
974 9.659135e-11
975 0.000000e+00
976 0.000000e+00
977 0.000000e+00
978 0.000000e+00
979 0.000000e+00
980 2.347971e-08
981 1.813851e-08
982 1.330909e-08
983 9.412967e-09
984 6.386473e-09
985 4.141469e-09
986 2.662743e-09
987 1.728726e-09
988 1.145719e-09
989 7.754156e-10
990 5.301091e-10
991 3.596849e-10
992 2.380012e-10
993 1.514614e-10
994 9.188325e-11
995 0.000000e+00
996 0.000000e+00
997 0.000000e+00
998 0.000000e+00
999 0.000000e+00
1000 2.770316e-08
1001 2.172910e-08
1002 1.611174e-08
1003 1.149037e-08
1004 7.898370e-09
1005 5.153778e-09
1006 3.299725e-09
1007 2.131855e-09
1008 1.399546e-09
1009 9.399379e-10
1010 6.402904e-10
1011 4.352226e-10
1012 2.899352e-10
1013 1.864827e-10
1014 1.146264e-10
1015 0.000000e+00
1016 0.000000e+00
1017 0.000000e+00
1018 0.000000e+00
1019 0.000000e+00
1020 3.241097e-08
1021 2.575213e-08
1022 1.929645e-08
1023 1.386062e-08
1024 9.606802e-09
1025 6.320997e-09
1026 4.028836e-09
1027 2.594071e-09
1028 1.691110e-09
1029 1.128282e-09
1030 7.660588e-10
1031 5.215993e-10
1032 3.490586e-10
1033 2.265273e-10
1034 1.405661e-10
1035 0.000000e+00
1036 0.000000e+00
1037 0.000000e+00
1038 0.000000e+00
1039 0.000000e+00
1040 3.406678e-08
1041 2.739260e-08
1042 2.072709e-08
1043 1.498030e-08
1044 1.045140e-08
1045 6.938860e-09
1046 4.440413e-09
1047 2.850188e-09
1048 1.846293e-09
1049 1.223471e-09
1050 8.258749e-10
1051 5.604218e-10
1052 3.756542e-10
1053 2.447578e-10
1054 1.531687e-10
1055 0.000000e+00
1056 0.000000e+00
1057 0.000000e+00
1058 0.000000e+00
1059 0.000000e+00
1060 4.182072e-08
1061 3.438221e-08
1062 2.649748e-08
1063 1.940536e-08
1064 1.369918e-08
1065 9.244913e-09
1066 5.935855e-09
1067 3.787417e-09
1068 2.430572e-09
1069 1.592809e-09
1070 1.062823e-09
1071 7.188546e-10
1072 4.833784e-10
1073 3.178860e-10
1074 2.017278e-10
1075 0.000000e+00
1076 0.000000e+00
1077 0.000000e+00
1078 0.000000e+00
1079 0.000000e+00
1080 5.562053e-08
1081 4.758439e-08
1082 3.808370e-08
1083 2.869542e-08
1084 2.068725e-08
1085 1.434034e-08
1086 9.447744e-09
1087 6.004087e-09
1088 3.813136e-09
1089 2.439346e-09
1090 1.592322e-09
1091 1.058090e-09
1092 7.074060e-10
1093 4.683021e-10
1094 3.024172e-10
1095 0.000000e+00
1096 0.000000e+00
1097 0.000000e+00
1098 0.000000e+00
1099 0.000000e+00
1100 5.453539e-07
1101 4.136877e-07
1102 3.117351e-07
1103 2.088511e-07
1104 1.325081e-07
1105 8.354701e-08
1106 5.338279e-08
1107 3.492288e-08
1108 2.404661e-08
1109 1.705491e-08
1110 1.213399e-08
1111 8.460422e-09
1112 0.000000e+00
1113 0.000000e+00
1114 0.000000e+00
1115 0.000000e+00
1116 0.000000e+00
1117 0.000000e+00
1118 0.000000e+00
1119 0.000000e+00
1120 7.399031e-07
1121 5.594418e-07
1122 4.238178e-07
1123 2.869535e-07
1124 1.820325e-07
1125 1.150297e-07
1126 7.316175e-08
1127 4.768249e-08
1128 3.260265e-08
1129 2.307457e-08
1130 1.647299e-08
1131 1.151056e-08
1132 0.000000e+00
1133 0.000000e+00
1134 0.000000e+00
1135 0.000000e+00
1136 0.000000e+00
1137 0.000000e+00
1138 0.000000e+00
1139 0.000000e+00
1140 8.949846e-07
1141 6.768266e-07
1142 5.131960e-07
1143 3.494277e-07
1144 2.214692e-07
1145 1.401244e-07
1146 8.898783e-08
1147 5.788231e-08
1148 3.950042e-08
1149 2.792305e-08
1150 1.993340e-08
1151 1.394402e-08
1152 0.000000e+00
1153 0.000000e+00
1154 0.000000e+00
1155 0.000000e+00
1156 0.000000e+00
1157 0.000000e+00
1158 0.000000e+00
1159 0.000000e+00
1160 1.023532e-06
1161 7.741342e-07
1162 5.872851e-07
1163 4.012233e-07
1164 2.541682e-07
1165 1.610180e-07
1166 1.021094e-07
1167 6.633878e-08
1168 4.521880e-08
1169 3.194227e-08
1170 2.280188e-08
1171 1.596125e-08
1172 0.000000e+00
1173 0.000000e+00
1174 0.000000e+00
1175 0.000000e+00
1176 0.000000e+00
1177 0.000000e+00
1178 0.000000e+00
1179 0.000000e+00
1180 1.138745e-06
1181 8.613478e-07
1182 6.536888e-07
1183 4.476459e-07
1184 2.836255e-07
1185 1.796723e-07
1186 1.138699e-07
1187 7.391804e-08
1188 5.034400e-08
1189 3.554458e-08
1190 2.537280e-08
1191 1.776923e-08
1192 0.000000e+00
1193 0.000000e+00
1194 0.000000e+00
1195 0.000000e+00
1196 0.000000e+00
1197 0.000000e+00
1198 0.000000e+00
1199 0.000000e+00
1200 1.266787e-06
1201 9.582723e-07
1202 7.274862e-07
1203 4.992376e-07
1204 3.162061e-07
1205 2.004037e-07
1206 1.269399e-07
1207 8.234123e-08
1208 5.603988e-08
1209 3.954798e-08
1210 2.822999e-08
1211 1.977852e-08
1212 0.000000e+00
1213 0.000000e+00
1214 0.000000e+00
1215 0.000000e+00
1216 0.000000e+00
1217 0.000000e+00
1218 0.000000e+00
1219 0.000000e+00
1220 4.173523e-07
1221 3.273534e-07
1222 2.463274e-07
1223 1.885375e-07
1224 1.234160e-07
1225 7.902675e-08
1226 4.887515e-08
1227 3.072907e-08
1228 1.998052e-08
1229 1.357697e-08
1230 9.561738e-09
1231 6.788968e-09
1232 4.729390e-09
1233 0.000000e+00
1234 0.000000e+00
1235 0.000000e+00
1236 0.000000e+00
1237 0.000000e+00
1238 0.000000e+00
1239 0.000000e+00
1240 6.116189e-07
1241 4.824906e-07
1242 3.624004e-07
1243 2.780046e-07
1244 1.839325e-07
1245 1.171880e-07
1246 7.261122e-08
1247 4.547667e-08
1248 2.956043e-08
1249 2.001715e-08
1250 1.406429e-08
1251 9.995871e-09
1252 6.973997e-09
1253 0.000000e+00
1254 0.000000e+00
1255 0.000000e+00
1256 0.000000e+00
1257 0.000000e+00
1258 0.000000e+00
1259 0.000000e+00
1260 7.774291e-07
1261 6.149202e-07
1262 4.617355e-07
1263 3.531088e-07
1264 2.350450e-07
1265 1.496713e-07
1266 9.288252e-08
1267 5.820706e-08
1268 3.761212e-08
1269 2.552881e-08
1270 1.791676e-08
1271 1.273265e-08
1272 8.890176e-09
1273 0.000000e+00
1274 0.000000e+00
1275 0.000000e+00
1276 0.000000e+00
1277 0.000000e+00
1278 0.000000e+00
1279 0.000000e+00
1280 9.258920e-07
1281 7.312516e-07
1282 5.502910e-07
1283 4.213036e-07
1284 2.814091e-07
1285 1.785740e-07
1286 1.111184e-07
1287 6.960790e-08
1288 4.496424e-08
1289 3.037446e-08
1290 2.130352e-08
1291 1.513641e-08
1292 1.057329e-08
1293 0.000000e+00
1294 0.000000e+00
1295 0.000000e+00
1296 0.000000e+00
1297 0.000000e+00
1298 0.000000e+00
1299 0.000000e+00
1300 1.087366e-06
1301 8.627391e-07
1302 6.477268e-07
1303 4.974145e-07
1304 3.329369e-07
1305 2.110328e-07
1306 1.313410e-07
1307 8.227848e-08
1308 5.310974e-08
1309 3.584920e-08
1310 2.513019e-08
1311 1.785371e-08
1312 1.247583e-08
1313 0.000000e+00
1314 0.000000e+00
1315 0.000000e+00
1316 0.000000e+00
1317 0.000000e+00
1318 0.000000e+00
1319 0.000000e+00
1320 3.473242e-07
1321 2.970351e-07
1322 2.265717e-07
1323 1.713770e-07
1324 1.293693e-07
1325 7.956248e-08
1326 5.165240e-08
1327 3.163212e-08
1328 1.974003e-08
1329 1.282201e-08
1330 8.720150e-09
1331 6.124246e-09
1332 4.322854e-09
1333 2.978873e-09
1334 0.000000e+00
1335 0.000000e+00
1336 0.000000e+00
1337 0.000000e+00
1338 0.000000e+00
1339 0.000000e+00
1340 5.311755e-07
1341 4.568641e-07
1342 3.496465e-07
1343 2.639853e-07
1344 2.001566e-07
1345 1.237500e-07
1346 8.036345e-08
1347 4.911906e-08
1348 3.061344e-08
1349 1.983021e-08
1350 1.345064e-08
1351 9.431496e-09
1352 6.656761e-09
1353 4.593508e-09
1354 0.000000e+00
1355 0.000000e+00
1356 0.000000e+00
1357 0.000000e+00
1358 0.000000e+00
1359 0.000000e+00
1360 6.989516e-07
1361 6.028610e-07
1362 4.621542e-07
1363 3.486263e-07
1364 2.648716e-07
1365 1.643721e-07
1366 1.067200e-07
1367 6.515154e-08
1368 4.060115e-08
1369 2.624016e-08
1370 1.777509e-08
1371 1.245381e-08
1372 8.789398e-09
1373 6.069170e-09
1374 0.000000e+00
1375 0.000000e+00
1376 0.000000e+00
1377 0.000000e+00
1378 0.000000e+00
1379 0.000000e+00
1380 8.854474e-07
1381 7.651500e-07
1382 5.877285e-07
1383 4.427137e-07
1384 3.370914e-07
1385 2.094013e-07
1386 1.359046e-07
1387 8.294466e-08
1388 5.167233e-08
1389 3.339410e-08
1390 2.260184e-08
1391 1.581341e-08
1392 1.116004e-08
1393 7.716075e-09
1394 0.000000e+00
1395 0.000000e+00
1396 0.000000e+00
1397 0.000000e+00
1398 0.000000e+00
1399 0.000000e+00
1400 3.231004e-07
1401 2.984306e-07
1402 2.409574e-07
1403 1.798216e-07
1404 1.388614e-07
1405 9.599647e-08
1406 5.954767e-08
1407 3.655038e-08
1408 2.257799e-08
1409 1.420371e-08
1410 9.301686e-09
1411 6.358074e-09
1412 4.457726e-09
1413 3.114216e-09
1414 0.000000e+00
1415 0.000000e+00
1416 0.000000e+00
1417 0.000000e+00
1418 0.000000e+00
1419 0.000000e+00
1420 4.991822e-07
1421 4.628284e-07
1422 3.748242e-07
1423 2.798925e-07
1424 2.160126e-07
1425 1.503005e-07
1426 9.286581e-08
1427 5.722194e-08
1428 3.532709e-08
1429 2.217128e-08
1430 1.448934e-08
1431 9.893196e-09
1432 6.930015e-09
1433 4.842450e-09
1434 0.000000e+00
1435 0.000000e+00
1436 0.000000e+00
1437 0.000000e+00
1438 0.000000e+00
1439 0.000000e+00
1440 6.955810e-07
1441 6.461609e-07
1442 5.243874e-07
1443 3.917217e-07
1444 3.020998e-07
1445 2.111062e-07
1446 1.301329e-07
1447 8.034313e-08
1448 4.957393e-08
1449 3.107655e-08
1450 2.028652e-08
1451 1.383798e-08
1452 9.688602e-09
1453 6.770837e-09
1454 0.000000e+00
1455 0.000000e+00
1456 0.000000e+00
1457 0.000000e+00
1458 0.000000e+00
1459 0.000000e+00
1460 1.690857e-07
1461 1.644109e-07
1462 1.401552e-07
1463 1.063146e-07
1464 8.040540e-08
1465 6.086564e-08
1466 3.652042e-08
1467 2.371404e-08
1468 1.435224e-08
1469 8.758300e-09
1470 5.569513e-09
1471 3.706780e-09
1472 2.558687e-09
1473 1.787655e-09
1474 1.229148e-09
1475 0.000000e+00
1476 0.000000e+00
1477 0.000000e+00
1478 0.000000e+00
1479 0.000000e+00
1480 3.419766e-07
1481 3.341715e-07
1482 2.866295e-07
1483 2.181640e-07
1484 1.646140e-07
1485 1.252907e-07
1486 7.553070e-08
1487 4.920044e-08
1488 2.968661e-08
1489 1.807536e-08
1490 1.145250e-08
1491 7.596830e-09
1492 5.231634e-09
1493 3.652631e-09
1494 2.514005e-09
1495 0.000000e+00
1496 0.000000e+00
1497 0.000000e+00
1498 0.000000e+00
1499 0.000000e+00
1500 5.421802e-07
1501 5.309627e-07
1502 4.566671e-07
1503 3.481275e-07
1504 2.624170e-07
1505 2.001770e-07
1506 1.209636e-07
1507 7.887911e-08
1508 4.753234e-08
1509 2.891691e-08
1510 1.829233e-08
1511 1.211590e-08
1512 8.334908e-09
1513 5.817349e-09
1514 4.005620e-09
1515 0.000000e+00
1516 0.000000e+00
1517 0.000000e+00
1518 0.000000e+00
1519 0.000000e+00
1520 2.213629e-07
1521 2.246716e-07
1522 2.023865e-07
1523 1.592300e-07
1524 1.185730e-07
1525 9.226620e-08
1526 5.973037e-08
1527 3.834503e-08
1528 2.277296e-08
1529 1.383794e-08
1530 8.546025e-09
1531 5.514492e-09
1532 3.716870e-09
1533 2.572006e-09
1534 1.779142e-09
1535 0.000000e+00
1536 0.000000e+00
1537 0.000000e+00
1538 0.000000e+00
1539 0.000000e+00
1540 4.227819e-07
1541 4.302144e-07
1542 3.889266e-07
1543 3.069304e-07
1544 2.284975e-07
1545 1.777469e-07
1546 1.159872e-07
1547 7.409442e-08
1548 4.404105e-08
1549 2.677112e-08
1550 1.651569e-08
1551 1.063277e-08
1552 7.152789e-09
1553 4.944330e-09
1554 3.420206e-09
1555 0.000000e+00
1556 0.000000e+00
1557 0.000000e+00
1558 0.000000e+00
1559 0.000000e+00
1560 1.301371e-07
1561 1.358206e-07
1562 1.272169e-07
1563 1.037658e-07
1564 7.734968e-08
1565 5.964077e-08
1566 4.214134e-08
1567 2.553050e-08
1568 1.552327e-08
1569 9.418570e-09
1570 5.754765e-09
1571 3.620977e-09
1572 2.385941e-09
1573 1.628534e-09
1574 1.124557e-09
1575 0.000000e+00
1576 0.000000e+00
1577 0.000000e+00
1578 0.000000e+00
1579 0.000000e+00
1580 3.259579e-07
1581 3.412531e-07
1582 3.210795e-07
1583 2.631513e-07
1584 1.963788e-07
1585 1.511001e-07
1586 1.076444e-07
1587 6.492440e-08
1588 3.968059e-08
1589 2.403127e-08
1590 1.464485e-08
1591 9.202540e-09
1592 6.045240e-09
1593 4.117315e-09
1594 2.841118e-09
1595 0.000000e+00
1596 0.000000e+00
1597 0.000000e+00
1598 0.000000e+00
1599 0.000000e+00
1600 2.493417e-07
1601 2.668088e-07
1602 2.590908e-07
1603 2.200605e-07
1604 1.663126e-07
1605 1.259377e-07
1606 9.518131e-08
1607 5.621069e-08
1608 3.618996e-08
1609 2.157442e-08
1610 1.279724e-08
1611 7.868265e-09
1612 5.050084e-09
1613 3.379311e-09
1614 2.314510e-09
1615 0.000000e+00
1616 0.000000e+00
1617 0.000000e+00
1618 0.000000e+00
1619 0.000000e+00
1620 1.897833e-07
1621 2.066566e-07
1622 2.058578e-07
1623 1.805406e-07
1624 1.389386e-07
1625 1.039820e-07
1626 8.065727e-08
1627 4.898691e-08
1628 3.215301e-08
1629 1.887942e-08
1630 1.106691e-08
1631 6.665556e-09
1632 4.185281e-09
1633 2.748149e-09
1634 1.861428e-09
1635 1.270543e-09
1636 0.000000e+00
1637 0.000000e+00
1638 0.000000e+00
1639 0.000000e+00
1640 1.406991e-07
1641 1.553971e-07
1642 1.580229e-07
1643 1.424824e-07
1644 1.119800e-07
1645 8.327998e-08
1646 6.499023e-08
1647 4.169058e-08
1648 2.679936e-08
1649 1.558574e-08
1650 9.232583e-09
1651 5.465732e-09
1652 3.368150e-09
1653 2.168792e-09
1654 1.449353e-09
1655 9.847229e-10
1656 0.000000e+00
1657 0.000000e+00
1658 0.000000e+00
1659 0.000000e+00
1660 1.052162e-04
1661 7.909766e-05
1662 6.084732e-05
1663 4.124086e-05
1664 2.615280e-05
1665 1.641604e-05
1666 1.039626e-05
1667 6.778263e-06
1668 4.623278e-06
1669 3.271956e-06
1670 2.342121e-06
1671 1.644225e-06
1672 0.000000e+00
1673 0.000000e+00
1674 0.000000e+00
1675 0.000000e+00
1676 0.000000e+00
1677 0.000000e+00
1678 0.000000e+00
1679 0.000000e+00
1680 7.463509e-05
1681 5.904495e-05
1682 4.413908e-05
1683 3.420983e-05
1684 2.268432e-05
1685 1.450537e-05
1686 8.913042e-06
1687 5.600791e-06
1688 3.618145e-06
1689 2.444288e-06
1690 1.715996e-06
1691 1.221133e-06
1692 8.545060e-07
1693 0.000000e+00
1694 0.000000e+00
1695 0.000000e+00
1696 0.000000e+00
1697 0.000000e+00
1698 0.000000e+00
1699 0.000000e+00
1700 5.447809e-05
1701 4.715385e-05
1702 3.610890e-05
1703 2.716838e-05
1704 2.086633e-05
1705 1.276573e-05
1706 8.403105e-06
1707 5.116347e-06
1708 3.171260e-06
1709 2.048278e-06
1710 1.386747e-06
1711 9.718761e-07
1712 6.866580e-07
1713 4.749199e-07
1714 0.000000e+00
1715 0.000000e+00
1716 0.000000e+00
1717 0.000000e+00
1718 0.000000e+00
1719 0.000000e+00
1720 4.110670e-05
1721 3.828173e-05
1722 3.107991e-05
1723 2.316512e-05
1724 1.789461e-05
1725 1.255748e-05
1726 7.703760e-06
1727 4.727099e-06
1728 2.925861e-06
1729 1.839172e-06
1730 1.199690e-06
1731 8.184527e-07
1732 5.733780e-07
1733 4.010695e-07
1734 0.000000e+00
1735 0.000000e+00
1736 0.000000e+00
1737 0.000000e+00
1738 0.000000e+00
1739 0.000000e+00
1740 3.214164e-05
1741 3.154954e-05
1742 2.718468e-05
1743 2.071060e-05
1744 1.558882e-05
1745 1.196603e-05
1746 7.167706e-06
1747 4.716555e-06
1748 2.840480e-06
1749 1.718933e-06
1750 1.087660e-06
1751 7.200198e-07
1752 4.953509e-07
1753 3.459135e-07
1754 2.383968e-07
1755 0.000000e+00
1756 0.000000e+00
1757 0.000000e+00
1758 0.000000e+00
1759 0.000000e+00
1760 2.596621e-05
1761 2.647257e-05
1762 2.398231e-05
1763 1.893758e-05
1764 1.407829e-05
1765 1.097592e-05
1766 7.169396e-06
1767 4.592079e-06
1768 2.715910e-06
1769 1.654627e-06
1770 1.018014e-06
1771 6.552186e-07
1772 4.406391e-07
1773 3.046368e-07
1774 2.108594e-07
1775 0.000000e+00
1776 0.000000e+00
1777 0.000000e+00
1778 0.000000e+00
1779 0.000000e+00
1780 2.156056e-05
1781 2.261070e-05
1782 2.132015e-05
1783 1.749993e-05
1784 1.305129e-05
1785 1.003904e-05
1786 7.201488e-06
1787 4.311193e-06
1788 2.636336e-06
1789 1.597462e-06
1790 9.763701e-07
1791 6.115886e-07
1792 4.014274e-07
1793 2.733255e-07
1794 1.886574e-07
1795 0.000000e+00
1796 0.000000e+00
1797 0.000000e+00
1798 0.000000e+00
1799 0.000000e+00
1800 1.832452e-05
1801 1.964036e-05
1802 1.911550e-05
1803 1.627176e-05
1804 1.230050e-05
1805 9.302987e-06
1806 7.066518e-06
1807 4.147898e-06
1808 2.685164e-06
1809 1.599834e-06
1810 9.453880e-07
1811 5.819233e-07
1812 3.730848e-07
1813 2.494498e-07
1814 1.708214e-07
1815 0.000000e+00
1816 0.000000e+00
1817 0.000000e+00
1818 0.000000e+00
1819 0.000000e+00
1820 1.587391e-05
1821 1.731164e-05
1822 1.728178e-05
1823 1.519376e-05
1824 1.170744e-05
1825 8.749385e-06
1826 6.807562e-06
1827 4.135203e-06
1828 2.726210e-06
1829 1.598810e-06
1830 9.349196e-07
1831 5.620774e-07
1832 3.523221e-07
1833 2.310077e-07
1834 1.563782e-07
1835 1.067558e-07
1836 0.000000e+00
1837 0.000000e+00
1838 0.000000e+00
1839 0.000000e+00
1840 1.398266e-05
1841 1.546641e-05
1842 1.576113e-05
1843 1.424945e-05
1844 1.121872e-05
1845 8.336576e-06
1846 6.511607e-06
1847 4.196124e-06
1848 2.695098e-06
1849 1.563679e-06
1850 9.284230e-07
1851 5.479459e-07
1852 3.372621e-07
1853 2.168086e-07
1854 1.447289e-07
1855 9.830676e-08
1856 0.000000e+00
1857 0.000000e+00
1858 0.000000e+00
1859 0.000000e+00
1860 1.302948e+04
1861 5.459919e+03
1862 2.018968e+03
1863 5.243932e+02
1864 5.085356e+01
1865 2.170232e+04
1866 8.294245e+03
1867 2.703696e+03
1868 5.799089e+02
1869 4.128726e+01
1870 2.463036e+04
1871 8.581882e+03
1872 2.478839e+03
1873 4.507454e+02
1874 2.703905e+01
1875 2.308454e+04
1876 7.403909e+03
1877 1.939423e+03
1878 3.192909e+02
1879 2.006560e+01
1880 1.370664e-08
1881 9.384421e-09
1882 6.238298e-09
1883 4.010318e-09
1884 2.505305e-09
1885 1.795757e-08
1886 1.214466e-08
1887 7.901866e-09
1888 4.992339e-09
1889 3.060316e-09
1890 2.372166e-08
1891 1.570125e-08
1892 1.000112e-08
1893 6.192683e-09
1894 3.727003e-09
1895 3.209714e-08
1896 2.061385e-08
1897 1.286780e-08
1898 7.780482e-09
1899 4.586390e-09
1900 4.452393e-08
1901 2.780860e-08
1902 1.679629e-08
1903 9.909599e-09
1904 5.719788e-09
1905 1.866851e-08
1906 1.279574e-08
1907 8.525613e-09
1908 5.488728e-09
1909 3.434756e-09
1910 2.445002e-08
1911 1.657887e-08
1912 1.080725e-08
1913 6.839265e-09
1914 4.199143e-09
1915 3.231497e-08
1916 2.145776e-08
1917 1.368786e-08
1918 8.490680e-09
1919 5.118029e-09
1920 4.380016e-08
1921 2.819272e-08
1922 1.762763e-08
1923 1.067738e-08
1924 6.302670e-09
1925 6.083635e-08
1926 3.805340e-08
1927 2.302222e-08
1928 1.360263e-08
1929 7.860975e-09
1930 2.282447e-08
1931 1.565295e-08
1932 1.044237e-08
1933 6.730481e-09
1934 4.215471e-09
1935 2.988779e-08
1936 2.029280e-08
1937 1.324197e-08
1938 8.390551e-09
1939 5.155779e-09
1940 3.951299e-08
1941 2.628031e-08
1942 1.678401e-08
1943 1.042092e-08
1944 6.286573e-09
1945 5.360482e-08
1946 3.454369e-08
1947 2.162526e-08
1948 1.311081e-08
1949 7.744505e-09
1950 7.450220e-08
1951 4.665299e-08
1952 2.825146e-08
1953 1.670477e-08
1954 9.659726e-09
1955 2.655459e-08
1956 1.821726e-08
1957 1.216254e-08
1958 7.843589e-09
1959 4.915305e-09
1960 3.476829e-08
1961 2.362591e-08
1962 1.542693e-08
1963 9.781124e-09
1964 6.013309e-09
1965 4.597315e-08
1966 3.060824e-08
1967 1.955939e-08
1968 1.215120e-08
1969 7.334060e-09
1970 6.240409e-08
1971 4.024315e-08
1972 2.520875e-08
1973 1.529214e-08
1974 9.036972e-09
1975 8.676636e-08
1976 5.436165e-08
1977 3.293895e-08
1978 1.948553e-08
1979 1.127213e-08
1980 3.070008e-08
1981 2.106712e-08
1982 1.407427e-08
1983 9.080650e-09
1984 5.693072e-09
1985 4.019228e-08
1986 2.733020e-08
1987 1.785521e-08
1988 1.132655e-08
1989 6.966332e-09
1990 5.315271e-08
1991 3.541813e-08
1992 2.264384e-08
1993 1.407415e-08
1994 8.498193e-09
1995 7.218322e-08
1996 4.657729e-08
1997 2.919128e-08
1998 1.771638e-08
1999 1.047337e-08
2000 1.003962e-07
2001 6.292873e-08
2002 3.814843e-08
2003 2.257595e-08
2004 1.306409e-08
2005 1.384925e-08
2006 9.509526e-09
2007 6.495755e-09
2008 4.362408e-09
2009 2.818184e-09
2010 1.800531e-08
2011 1.223545e-08
2012 8.353309e-09
2013 5.483575e-09
2014 3.484724e-09
2015 2.335012e-08
2016 1.591811e-08
2017 1.071263e-08
2018 6.871200e-09
2019 4.282852e-09
2020 3.092590e-08
2021 2.117037e-08
2022 1.377250e-08
2023 8.665624e-09
2024 5.280475e-09
2025 4.143131e-08
2026 2.745979e-08
2027 1.732399e-08
2028 1.056329e-08
2029 6.286983e-09
2030 2.000130e-08
2031 1.374840e-08
2032 9.385074e-09
2033 6.309830e-09
2034 4.079858e-09
2035 2.601636e-08
2036 1.767397e-08
2037 1.206621e-08
2038 7.933034e-09
2039 5.045049e-09
2040 3.372851e-08
2041 2.296520e-08
2042 1.547941e-08
2043 9.940068e-09
2044 6.200092e-09
2045 4.458521e-08
2046 3.052067e-08
2047 1.990249e-08
2048 1.252731e-08
2049 7.641066e-09
2050 5.946616e-08
2051 3.954649e-08
2052 2.494765e-08
2053 1.523259e-08
2054 9.072181e-09
2055 2.684766e-08
2056 1.846577e-08
2057 1.260051e-08
2058 8.477088e-09
2059 5.483987e-09
2060 3.493159e-08
2061 2.372633e-08
2062 1.619817e-08
2063 1.065901e-08
2064 6.781551e-09
2065 4.527827e-08
2066 3.080754e-08
2067 2.078420e-08
2068 1.335538e-08
2069 8.333799e-09
2070 5.978583e-08
2071 4.092599e-08
2072 2.672438e-08
2073 1.682488e-08
2074 1.026815e-08
2075 7.953462e-08
2076 5.299656e-08
2077 3.343129e-08
2078 2.042873e-08
2079 1.217166e-08
2080 1.133804e-08
2081 8.283911e-09
2082 5.636938e-09
2083 3.813439e-09
2084 2.540334e-09
2085 1.492746e-08
2086 1.049880e-08
2087 7.055555e-09
2088 4.781809e-09
2089 3.111469e-09
2090 1.928457e-08
2091 1.311007e-08
2092 8.845010e-09
2093 5.918952e-09
2094 3.764804e-09
2095 2.409995e-08
2096 1.612089e-08
2097 1.097432e-08
2098 7.102555e-09
2099 4.458845e-09
2100 2.509033e-08
2101 1.714573e-08
2102 1.137647e-08
2103 7.215210e-09
2104 4.413969e-09
2105 1.992806e-08
2106 1.459853e-08
2107 9.943172e-09
2108 6.722325e-09
2109 4.481917e-09
2110 2.624373e-08
2111 1.850205e-08
2112 1.243195e-08
2113 8.422867e-09
2114 5.487588e-09
2115 3.390254e-08
2116 2.308232e-08
2117 1.555576e-08
2118 1.041963e-08
2119 6.634774e-09
2120 4.230410e-08
2121 2.829172e-08
2122 1.925010e-08
2123 1.248422e-08
2124 7.841968e-09
2125 4.366272e-08
2126 2.980254e-08
2127 1.982491e-08
2128 1.258076e-08
2129 7.705952e-09
2130 1.274325e-08
2131 9.970327e-09
2132 7.142661e-09
2133 4.795930e-09
2134 3.214081e-09
2135 1.659826e-08
2136 1.254037e-08
2137 8.663903e-09
2138 5.780076e-09
2139 3.870384e-09
2140 2.091776e-08
2141 1.515575e-08
2142 1.019129e-08
2143 6.850366e-09
2144 4.520490e-09
2145 2.406224e-08
2146 1.669104e-08
2147 1.118064e-08
2148 7.561096e-09
2149 4.851722e-09
2150 1.787432e-08
2151 1.222390e-08
2152 8.454948e-09
2153 5.606586e-09
2154 3.589082e-09
