0 6.567642e+03
1 3.011424e+03
2 1.298790e+03
3 4.598135e+02
4 9.052052e+01
5 9.437997e+03
6 3.931379e+03
7 1.509490e+03
8 4.585983e+02
9 7.309707e+01
10 8.774621e+03
11 3.279255e+03
12 1.105956e+03
13 2.840426e+02
14 3.600275e+01
15 6.342743e+03
16 2.107270e+03
17 6.185336e+02
18 1.330684e+02
19 1.328009e+01
20 2.440961e-08
21 1.668240e-08
22 1.094901e-08
23 6.902803e-09
24 4.242401e-09
25 2.966653e-08
26 2.002710e-08
27 1.284965e-08
28 8.010979e-09
29 4.845222e-09
30 3.592711e-08
31 2.375842e-08
32 1.498564e-08
33 9.222119e-09
34 5.497750e-09
35 4.378006e-08
36 2.822196e-08
37 1.757597e-08
38 1.062754e-08
39 6.257012e-09
40 5.369735e-08
41 3.381741e-08
42 2.074317e-08
43 1.233668e-08
44 7.163635e-09
45 3.451758e-08
46 2.362532e-08
47 1.555052e-08
48 9.816521e-09
49 6.043580e-09
50 4.194063e-08
51 2.840240e-08
52 1.825621e-08
53 1.140279e-08
54 6.905893e-09
55 5.082514e-08
56 3.373026e-08
57 2.130091e-08
58 1.313598e-08
59 7.840139e-09
60 6.202644e-08
61 4.008944e-08
62 2.500976e-08
63 1.514509e-08
64 8.927584e-09
65 7.620155e-08
66 4.806368e-08
67 2.953783e-08
68 1.759205e-08
69 1.022605e-08
70 4.072233e-08
71 2.788694e-08
72 1.837496e-08
73 1.160387e-08
74 7.148489e-09
75 4.947481e-08
76 3.354318e-08
77 2.157478e-08
78 1.348344e-08
79 8.169986e-09
80 5.996969e-08
81 3.985102e-08
82 2.517723e-08
83 1.553688e-08
84 9.277054e-09
85 7.322608e-08
86 4.737379e-08
87 2.956986e-08
88 1.791633e-08
89 1.056583e-08
90 9.001474e-08
91 5.680807e-08
92 3.493275e-08
93 2.081591e-08
94 1.210467e-08
95 4.622851e-08
96 3.166840e-08
97 2.088072e-08
98 1.318946e-08
99 8.128561e-09
100 5.616086e-08
101 3.810435e-08
102 2.451885e-08
103 1.532910e-08
104 9.291221e-09
105 6.808449e-08
106 4.528131e-08
107 2.861600e-08
108 1.766653e-08
109 1.055138e-08
110 8.316362e-08
111 5.383618e-08
112 3.361503e-08
113 2.037440e-08
114 1.201866e-08
115 1.022700e-07
116 6.456549e-08
117 3.971825e-08
118 2.367500e-08
119 1.377062e-08
120 2.498019e-08
121 1.665126e-08
122 1.135242e-08
123 7.562920e-09
124 4.752015e-09
125 2.996463e-08
126 2.000005e-08
127 1.369085e-08
128 8.844169e-09
129 5.510702e-09
130 3.569796e-08
131 2.411611e-08
132 1.628459e-08
133 1.026757e-08
134 6.338290e-09
135 4.306933e-08
136 2.944925e-08
137 1.928883e-08
138 1.201036e-08
139 7.282645e-09
140 5.327986e-08
141 3.627655e-08
142 2.298160e-08
143 1.414297e-08
144 8.434369e-09
145 3.619022e-08
146 2.412412e-08
147 1.642597e-08
148 1.096406e-08
149 6.892040e-09
150 4.342562e-08
151 2.894721e-08
152 1.981628e-08
153 1.282626e-08
154 7.994598e-09
155 5.171970e-08
156 3.487517e-08
157 2.359146e-08
158 1.489188e-08
159 9.197194e-09
160 6.233974e-08
161 4.258526e-08
162 2.796938e-08
163 1.741895e-08
164 1.056901e-08
165 7.702547e-08
166 5.251930e-08
167 3.333208e-08
168 2.051337e-08
169 1.224329e-08
170 4.598261e-08
171 3.065195e-08
172 2.085794e-08
173 1.393512e-08
174 8.761457e-09
175 5.518433e-08
176 3.676293e-08
177 2.516715e-08
178 1.630480e-08
179 1.016439e-08
180 6.571535e-08
181 4.427372e-08
182 2.997436e-08
183 1.893144e-08
184 1.169455e-08
185 7.917327e-08
186 5.406025e-08
187 3.555223e-08
188 2.214361e-08
189 1.343974e-08
190 9.776834e-08
191 6.670807e-08
192 4.237371e-08
193 2.607822e-08
194 1.557046e-08
195 2.711516e-08
196 1.896369e-08
197 1.235716e-08
198 8.357772e-09
199 5.515230e-09
200 3.329874e-08
201 2.245246e-08
202 1.468503e-08
203 1.002064e-08
204 6.361173e-09
205 4.014834e-08
206 2.635397e-08
207 1.754866e-08
208 1.180335e-08
209 7.287442e-09
210 4.815059e-08
211 3.125161e-08
212 2.123669e-08
213 1.376588e-08
214 8.445295e-09
215 5.793095e-08
216 3.799874e-08
217 2.588116e-08
218 1.612949e-08
219 9.880902e-09
220 4.105022e-08
221 2.875508e-08
222 1.873494e-08
223 1.265852e-08
224 8.363546e-09
225 5.043730e-08
226 3.404946e-08
227 2.224902e-08
228 1.517834e-08
229 9.646792e-09
230 6.083983e-08
231 3.995549e-08
232 2.656887e-08
233 1.788654e-08
234 1.105042e-08
235 7.298857e-08
236 4.734650e-08
237 3.214286e-08
238 2.087145e-08
239 1.280579e-08
240 8.781203e-08
241 5.751253e-08
242 3.919366e-08
243 2.445934e-08
244 1.498325e-08
245 1.599686e-08
246 1.198817e-08
247 8.016611e-09
248 5.127914e-09
249 3.473283e-09
250 2.003554e-08
251 1.440099e-08
252 9.316861e-09
253 6.075951e-09
254 4.102469e-09
255 2.465822e-08
256 1.697206e-08
257 1.079745e-08
258 7.243019e-09
259 4.748162e-09
260 3.016633e-08
261 1.989675e-08
262 1.273067e-08
263 8.695825e-09
264 5.440392e-09
265 3.684654e-08
266 2.349626e-08
267 1.548694e-08
268 1.041164e-08
269 6.255131e-09
270 3.296268e-08
271 2.475246e-08
272 1.658035e-08
273 1.059295e-08
274 7.172129e-09
275 4.131092e-08
276 2.975635e-08
277 1.927030e-08
278 1.254069e-08
279 8.480848e-09
280 5.087833e-08
281 3.509010e-08
282 2.232117e-08
283 1.494371e-08
284 9.822851e-09
285 6.229227e-08
286 4.114904e-08
287 2.628754e-08
288 1.794641e-08
289 1.125089e-08
290 7.614984e-08
291 4.857595e-08
292 3.193149e-08
293 2.150577e-08
294 1.292245e-08
