0 3.946396e-09
1 2.755755e-09
2 1.856374e-09
3 1.217820e-09
4 7.999993e-10
5 5.339094e-10
6 3.633980e-10
7 2.508077e-10
8 1.729083e-10
9 1.169652e-10
10 7.642499e-11
11 4.770643e-11
12 2.827341e-11
13 1.590531e-11
14 8.535268e-12
15 0.000000e+00
16 0.000000e+00
17 0.000000e+00
18 0.000000e+00
19 0.000000e+00
20 6.657467e-09
21 4.754079e-09
22 3.272386e-09
23 2.168231e-09
24 1.410542e-09
25 9.274897e-10
26 6.205734e-10
27 4.239461e-10
28 2.926496e-10
29 2.007191e-10
30 1.343315e-10
31 8.643751e-11
32 5.298195e-11
33 3.079815e-11
34 1.700506e-11
35 0.000000e+00
36 0.000000e+00
37 0.000000e+00
38 0.000000e+00
39 0.000000e+00
40 7.629330e-09
41 5.480385e-09
42 3.795694e-09
43 2.526101e-09
44 1.641472e-09
45 1.075529e-09
46 7.161590e-10
47 4.874233e-10
48 3.361033e-10
49 2.310069e-10
50 1.554066e-10
51 1.007496e-10
52 6.227858e-11
53 3.651876e-11
54 2.032355e-11
55 0.000000e+00
56 0.000000e+00
57 0.000000e+00
58 0.000000e+00
59 0.000000e+00
60 8.217718e-09
61 5.918877e-09
62 4.111690e-09
63 2.742586e-09
64 1.780944e-09
65 1.164910e-09
66 7.740584e-10
67 5.258659e-10
68 3.624263e-10
69 2.493709e-10
70 1.681746e-10
71 1.094211e-10
72 6.790913e-11
73 3.998241e-11
74 2.233231e-11
75 0.000000e+00
76 0.000000e+00
77 0.000000e+00
78 0.000000e+00
79 0.000000e+00
80 8.721714e-09
81 6.294963e-09
82 4.382737e-09
83 2.927758e-09
84 1.900441e-09
85 1.241326e-09
86 8.232599e-10
87 5.585193e-10
88 3.848579e-10
89 2.649518e-10
90 1.790321e-10
91 1.167849e-10
92 7.272344e-11
93 4.294232e-11
94 2.405258e-11
95 0.000000e+00
96 0.000000e+00
97 0.000000e+00
98 0.000000e+00
99 0.000000e+00
100 1.443693e-08
101 1.071484e-08
102 7.645726e-09
103 5.252268e-09
104 3.448334e-09
105 2.225546e-09
106 1.451638e-09
107 9.639916e-10
108 6.547287e-10
109 4.502932e-10
110 3.081892e-10
111 2.060832e-10
112 1.326157e-10
113 8.130701e-11
114 4.727669e-11
115 0.000000e+00
116 0.000000e+00
117 0.000000e+00
118 0.000000e+00
119 0.000000e+00
120 1.854222e-08
121 1.399806e-08
122 1.011501e-08
123 7.046848e-09
124 4.689474e-09
125 3.019939e-09
126 1.956521e-09
127 1.284107e-09
128 8.631018e-10
129 5.904362e-10
130 4.049148e-10
131 2.732333e-10
132 1.784258e-10
133 1.114086e-10
134 6.607518e-11
135 0.000000e+00
136 0.000000e+00
137 0.000000e+00
138 0.000000e+00
139 0.000000e+00
140 2.108607e-08
141 1.604322e-08
142 1.165417e-08
143 8.168595e-09
144 5.467793e-09
145 3.519968e-09
146 2.273747e-09
147 1.485250e-09
148 9.937670e-10
149 6.780912e-10
150 4.652931e-10
151 3.151107e-10
152 2.070169e-10
153 1.302365e-10
154 7.786732e-11
155 0.000000e+00
156 0.000000e+00
157 0.000000e+00
158 0.000000e+00
159 0.000000e+00
160 2.325329e-08
161 1.778747e-08
162 1.296651e-08
163 9.124447e-09
164 6.131272e-09
165 3.946206e-09
166 2.543972e-09
167 1.656561e-09
168 1.105050e-09
169 7.527446e-10
170 5.167383e-10
171 3.508143e-10
172 2.313912e-10
173 1.462844e-10
174 8.791627e-11
175 0.000000e+00
176 0.000000e+00
177 0.000000e+00
178 0.000000e+00
179 0.000000e+00
180 2.641822e-08
181 2.064634e-08
182 1.528101e-08
183 1.087259e-08
184 7.441224e-09
185 4.853311e-09
186 3.110328e-09
187 2.011777e-09
188 1.323884e-09
189 8.908128e-10
190 6.074045e-10
191 4.127129e-10
192 2.744945e-10
193 1.760966e-10
194 1.078967e-10
195 0.000000e+00
196 0.000000e+00
197 0.000000e+00
198 0.000000e+00
199 0.000000e+00
200 3.201333e-08
201 2.549526e-08
202 1.913418e-08
203 1.375819e-08
204 9.531298e-09
205 6.286926e-09
206 4.016251e-09
207 2.583987e-09
208 1.682108e-09
209 1.121000e-09
210 7.601989e-10
211 5.168214e-10
212 3.460042e-10
213 2.245110e-10
214 1.395901e-10
215 0.000000e+00
216 0.000000e+00
217 0.000000e+00
218 0.000000e+00
219 0.000000e+00
220 3.681170e-08
221 2.965829e-08
222 2.244601e-08
223 1.623397e-08
224 1.132897e-08
225 7.520929e-09
226 4.797023e-09
227 3.076825e-09
228 1.990519e-09
229 1.319072e-09
230 8.916281e-10
231 6.063500e-10
232 4.074812e-10
233 2.661361e-10
234 1.668502e-10
235 0.000000e+00
236 0.000000e+00
237 0.000000e+00
238 0.000000e+00
239 0.000000e+00
240 4.150176e-08
241 3.416564e-08
242 2.637383e-08
243 1.932805e-08
244 1.363559e-08
245 9.218210e-09
246 5.935767e-09
247 3.783587e-09
248 2.427765e-09
249 1.587698e-09
250 1.060063e-09
251 7.159155e-10
252 4.811317e-10
253 3.164110e-10
254 2.009098e-10
255 0.000000e+00
256 0.000000e+00
257 0.000000e+00
258 0.000000e+00
259 0.000000e+00
260 5.035510e-08
261 4.238673e-08
262 3.336014e-08
263 2.479157e-08
264 1.768748e-08
265 1.213247e-08
266 7.890249e-09
267 5.003194e-09
268 3.189702e-09
269 2.059887e-09
270 1.359859e-09
271 9.123261e-10
272 6.131021e-10
273 4.057659e-10
274 2.606315e-10
275 0.000000e+00
276 0.000000e+00
277 0.000000e+00
278 0.000000e+00
279 0.000000e+00
280 6.581835e-08
281 5.757890e-08
282 4.711680e-08
283 3.615832e-08
284 2.637969e-08
285 1.851812e-08
286 1.241209e-08
287 7.918040e-09
288 5.000878e-09
289 3.166318e-09
290 2.038966e-09
291 1.338438e-09
292 8.886888e-10
293 5.881964e-10
294 3.822150e-10
295 0.000000e+00
296 0.000000e+00
297 0.000000e+00
298 0.000000e+00
299 0.000000e+00
300 8.616959e-07
301 6.514856e-07
302 4.957898e-07
303 3.422534e-07
304 2.160460e-07
305 1.370431e-07
306 8.647907e-08
307 0.000000e+00
308 0.000000e+00
309 0.000000e+00
310 0.000000e+00
311 0.000000e+00
312 0.000000e+00
313 0.000000e+00
314 0.000000e+00
315 0.000000e+00
316 0.000000e+00
317 0.000000e+00
318 0.000000e+00
319 0.000000e+00
320 1.097271e-06
321 8.300054e-07
322 6.318416e-07
323 4.388273e-07
324 2.767245e-07
325 1.757937e-07
326 1.107806e-07
327 0.000000e+00
328 0.000000e+00
329 0.000000e+00
330 0.000000e+00
331 0.000000e+00
332 0.000000e+00
333 0.000000e+00
334 0.000000e+00
335 0.000000e+00
336 0.000000e+00
337 0.000000e+00
338 0.000000e+00
339 0.000000e+00
340 1.239995e-06
341 9.381632e-07
342 7.142700e-07
343 4.973384e-07
344 3.134873e-07
345 1.992723e-07
346 1.255048e-07
347 0.000000e+00
348 0.000000e+00
349 0.000000e+00
350 0.000000e+00
351 0.000000e+00
352 0.000000e+00
353 0.000000e+00
354 0.000000e+00
355 0.000000e+00
356 0.000000e+00
357 0.000000e+00
358 0.000000e+00
359 0.000000e+00
360 1.361681e-06
361 1.030381e-06
362 7.845440e-07
363 5.472248e-07
364 3.448308e-07
365 2.192892e-07
366 1.380586e-07
367 0.000000e+00
368 0.000000e+00
369 0.000000e+00
370 0.000000e+00
371 0.000000e+00
372 0.000000e+00
373 0.000000e+00
374 0.000000e+00
375 0.000000e+00
376 0.000000e+00
377 0.000000e+00
378 0.000000e+00
379 0.000000e+00
380 5.445654e-07
381 4.311071e-07
382 3.235294e-07
383 2.486792e-07
384 1.656666e-07
385 1.052493e-07
386 6.525568e-08
387 4.097967e-08
388 0.000000e+00
389 0.000000e+00
390 0.000000e+00
391 0.000000e+00
392 0.000000e+00
393 0.000000e+00
394 0.000000e+00
395 0.000000e+00
396 0.000000e+00
397 0.000000e+00
398 0.000000e+00
399 0.000000e+00
400 8.366508e-07
401 6.659458e-07
402 4.997161e-07
403 3.841824e-07
404 2.587301e-07
405 1.635846e-07
406 1.017121e-07
407 6.378182e-08
408 0.000000e+00
409 0.000000e+00
410 0.000000e+00
411 0.000000e+00
412 0.000000e+00
413 0.000000e+00
414 0.000000e+00
415 0.000000e+00
416 0.000000e+00
417 0.000000e+00
418 0.000000e+00
419 0.000000e+00
420 1.013853e-06
421 8.084426e-07
422 6.066353e-07
423 4.664006e-07
424 3.152143e-07
425 1.989906e-07
426 1.238422e-07
427 7.762253e-08
428 0.000000e+00
429 0.000000e+00
430 0.000000e+00
431 0.000000e+00
432 0.000000e+00
433 0.000000e+00
434 0.000000e+00
435 0.000000e+00
436 0.000000e+00
437 0.000000e+00
438 0.000000e+00
439 0.000000e+00
440 1.164934e-06
441 9.299391e-07
442 6.977904e-07
443 5.365043e-07
444 3.633765e-07
445 2.291790e-07
446 1.427104e-07
447 8.942279e-08
448 0.000000e+00
449 0.000000e+00
450 0.000000e+00
451 0.000000e+00
452 0.000000e+00
453 0.000000e+00
454 0.000000e+00
455 0.000000e+00
456 0.000000e+00
457 0.000000e+00
458 0.000000e+00
459 0.000000e+00
460 5.817458e-07
461 5.035252e-07
462 3.866878e-07
463 2.913391e-07
464 2.220873e-07
465 1.379523e-07
466 8.969302e-08
467 5.469530e-08
468 3.403707e-08
469 0.000000e+00
470 0.000000e+00
471 0.000000e+00
472 0.000000e+00
473 0.000000e+00
474 0.000000e+00
475 0.000000e+00
476 0.000000e+00
477 0.000000e+00
478 0.000000e+00
479 0.000000e+00
480 7.771648e-07
481 6.744440e-07
482 5.188021e-07
483 3.905762e-07
484 2.982305e-07
485 1.858077e-07
486 1.207581e-07
487 7.358540e-08
488 4.577149e-08
489 0.000000e+00
490 0.000000e+00
491 0.000000e+00
492 0.000000e+00
493 0.000000e+00
494 0.000000e+00
495 0.000000e+00
496 0.000000e+00
497 0.000000e+00
498 0.000000e+00
499 0.000000e+00
500 9.437550e-07
501 8.201507e-07
502 6.314271e-07
503 4.751749e-07
504 3.631402e-07
505 2.266045e-07
506 1.472411e-07
507 8.968921e-08
508 5.577518e-08
509 0.000000e+00
510 0.000000e+00
511 0.000000e+00
512 0.000000e+00
513 0.000000e+00
514 0.000000e+00
515 0.000000e+00
516 0.000000e+00
517 0.000000e+00
518 0.000000e+00
519 0.000000e+00
520 3.726439e-07
521 3.459135e-07
522 2.804177e-07
523 2.093728e-07
524 1.615720e-07
525 1.127122e-07
526 6.952230e-08
527 4.284979e-08
528 2.645714e-08
529 0.000000e+00
530 0.000000e+00
531 0.000000e+00
532 0.000000e+00
533 0.000000e+00
534 0.000000e+00
535 0.000000e+00
536 0.000000e+00
537 0.000000e+00
538 0.000000e+00
539 0.000000e+00
540 5.756152e-07
541 5.360977e-07
542 4.360598e-07
543 3.257913e-07
544 2.511026e-07
545 1.763551e-07
546 1.083739e-07
547 6.703128e-08
548 4.134510e-08
549 0.000000e+00
550 0.000000e+00
551 0.000000e+00
552 0.000000e+00
553 0.000000e+00
554 0.000000e+00
555 0.000000e+00
556 0.000000e+00
557 0.000000e+00
558 0.000000e+00
559 0.000000e+00
560 7.484671e-07
561 6.980422e-07
562 5.685839e-07
563 4.249183e-07
564 3.273359e-07
565 2.305434e-07
566 1.414538e-07
567 8.762015e-08
568 5.402110e-08
569 0.000000e+00
570 0.000000e+00
571 0.000000e+00
572 0.000000e+00
573 0.000000e+00
574 0.000000e+00
575 0.000000e+00
576 0.000000e+00
577 0.000000e+00
578 0.000000e+00
579 0.000000e+00
580 2.137957e-07
581 2.087490e-07
582 1.788495e-07
583 1.360111e-07
584 1.026573e-07
585 7.811927e-08
586 4.698120e-08
587 3.062369e-08
588 1.848792e-08
589 1.125474e-08
590 0.000000e+00
591 0.000000e+00
592 0.000000e+00
593 0.000000e+00
594 0.000000e+00
595 0.000000e+00
596 0.000000e+00
597 0.000000e+00
598 0.000000e+00
599 0.000000e+00
600 4.177540e-07
601 4.096583e-07
602 3.528948e-07
603 2.692216e-07
604 2.028041e-07
605 1.549865e-07
606 9.369465e-08
607 6.118791e-08
608 3.684246e-08
609 2.239385e-08
610 0.000000e+00
611 0.000000e+00
612 0.000000e+00
613 0.000000e+00
614 0.000000e+00
615 0.000000e+00
616 0.000000e+00
617 0.000000e+00
618 0.000000e+00
619 0.000000e+00
620 5.919166e-07
621 5.812467e-07
622 5.015807e-07
623 3.830437e-07
624 2.883692e-07
625 2.206641e-07
626 1.336280e-07
627 8.730980e-08
628 5.252840e-08
629 3.191410e-08
630 0.000000e+00
631 0.000000e+00
632 0.000000e+00
633 0.000000e+00
634 0.000000e+00
635 0.000000e+00
636 0.000000e+00
637 0.000000e+00
638 0.000000e+00
639 0.000000e+00
640 2.965374e-07
641 3.018745e-07
642 2.730557e-07
643 2.155641e-07
644 1.604429e-07
645 1.248449e-07
646 8.154355e-08
647 5.208146e-08
648 3.093388e-08
649 1.881146e-08
650 0.000000e+00
651 0.000000e+00
652 0.000000e+00
653 0.000000e+00
654 0.000000e+00
655 0.000000e+00
656 0.000000e+00
657 0.000000e+00
658 0.000000e+00
659 0.000000e+00
660 4.695583e-07
661 4.787046e-07
662 4.338765e-07
663 3.431295e-07
664 2.553571e-07
665 1.986533e-07
666 1.303451e-07
667 8.300881e-08
668 4.932767e-08
669 3.000428e-08
670 0.000000e+00
671 0.000000e+00
672 0.000000e+00
673 0.000000e+00
674 0.000000e+00
675 0.000000e+00
676 0.000000e+00
677 0.000000e+00
678 0.000000e+00
679 0.000000e+00
680 2.030504e-07
681 2.125329e-07
682 1.998995e-07
683 1.637584e-07
684 1.221760e-07
685 9.402998e-08
686 6.706014e-08
687 4.037730e-08
688 2.469126e-08
689 1.495911e-08
690 0.000000e+00
691 0.000000e+00
692 0.000000e+00
693 0.000000e+00
694 0.000000e+00
695 0.000000e+00
696 0.000000e+00
697 0.000000e+00
698 0.000000e+00
699 0.000000e+00
700 3.738920e-07
701 3.920095e-07
702 3.696051e-07
703 3.035809e-07
704 2.266497e-07
705 1.742299e-07
706 1.248965e-07
707 7.497415e-08
708 4.602470e-08
709 2.785356e-08
710 0.000000e+00
711 0.000000e+00
712 0.000000e+00
713 0.000000e+00
714 0.000000e+00
715 0.000000e+00
716 0.000000e+00
717 0.000000e+00
718 0.000000e+00
719 0.000000e+00
720 1.304503e-07
721 1.394771e-07
722 1.352845e-07
723 1.147323e-07
724 8.663094e-08
725 6.563778e-08
726 4.955229e-08
727 2.918525e-08
728 1.876719e-08
729 1.119727e-08
730 6.647675e-09
731 0.000000e+00
732 0.000000e+00
733 0.000000e+00
734 0.000000e+00
735 0.000000e+00
736 0.000000e+00
737 0.000000e+00
738 0.000000e+00
739 0.000000e+00
740 2.984122e-07
741 3.197282e-07
742 3.110673e-07
743 2.648013e-07
744 2.003211e-07
745 1.515359e-07
746 1.148712e-07
747 6.775809e-08
748 4.375661e-08
749 2.606003e-08
750 1.542771e-08
751 0.000000e+00
752 0.000000e+00
753 0.000000e+00
754 0.000000e+00
755 0.000000e+00
756 0.000000e+00
757 0.000000e+00
758 0.000000e+00
759 0.000000e+00
760 2.381130e-07
761 2.595651e-07
762 2.589739e-07
763 2.275925e-07
764 1.754197e-07
765 1.311626e-07
766 1.018881e-07
767 6.205772e-08
768 4.074861e-08
769 2.390163e-08
770 1.401099e-08
771 0.000000e+00
772 0.000000e+00
773 0.000000e+00
774 0.000000e+00
775 0.000000e+00
776 0.000000e+00
777 0.000000e+00
778 0.000000e+00
779 0.000000e+00
780 1.893523e-07
781 2.093408e-07
782 2.131860e-07
783 1.926003e-07
784 1.516095e-07
785 1.127146e-07
786 8.797013e-08
787 5.668432e-08
788 3.635279e-08
789 2.112899e-08
790 1.253044e-08
791 0.000000e+00
792 0.000000e+00
793 0.000000e+00
794 0.000000e+00
795 0.000000e+00
796 0.000000e+00
797 0.000000e+00
798 0.000000e+00
799 0.000000e+00
800 1.137789e-04
801 8.550543e-05
802 6.581923e-05
803 4.561669e-05
804 2.865065e-05
805 1.808715e-05
806 1.141952e-05
807 0.000000e+00
808 0.000000e+00
809 0.000000e+00
810 0.000000e+00
811 0.000000e+00
812 0.000000e+00
813 0.000000e+00
814 0.000000e+00
815 0.000000e+00
816 0.000000e+00
817 0.000000e+00
818 0.000000e+00
819 0.000000e+00
820 7.789256e-05
821 6.202441e-05
822 4.633361e-05
823 3.591179e-05
824 2.417146e-05
825 1.532977e-05
826 9.440083e-06
827 5.928728e-06
828 0.000000e+00
829 0.000000e+00
830 0.000000e+00
831 0.000000e+00
832 0.000000e+00
833 0.000000e+00
834 0.000000e+00
835 0.000000e+00
836 0.000000e+00
837 0.000000e+00
838 0.000000e+00
839 0.000000e+00
840 5.521037e-05
841 4.803879e-05
842 3.689929e-05
843 2.771170e-05
844 2.136457e-05
845 1.313861e-05
846 8.657960e-06
847 5.258603e-06
848 3.255564e-06
849 0.000000e+00
850 0.000000e+00
851 0.000000e+00
852 0.000000e+00
853 0.000000e+00
854 0.000000e+00
855 0.000000e+00
856 0.000000e+00
857 0.000000e+00
858 0.000000e+00
859 0.000000e+00
860 4.069847e-05
861 3.803303e-05
862 3.098437e-05
863 2.310434e-05
864 1.782387e-05
865 1.260497e-05
866 7.691252e-06
867 4.736569e-06
868 2.929144e-06
869 0.000000e+00
870 0.000000e+00
871 0.000000e+00
872 0.000000e+00
873 0.000000e+00
874 0.000000e+00
875 0.000000e+00
876 0.000000e+00
877 0.000000e+00
878 0.000000e+00
879 0.000000e+00
880 3.122909e-05
881 3.072368e-05
882 2.654792e-05
883 2.025624e-05
884 1.522964e-05
885 1.172037e-05
886 7.034411e-06
887 4.638989e-06
888 2.789720e-06
889 1.685684e-06
890 0.000000e+00
891 0.000000e+00
892 0.000000e+00
893 0.000000e+00
894 0.000000e+00
895 0.000000e+00
896 0.000000e+00
897 0.000000e+00
898 0.000000e+00
899 0.000000e+00
900 2.483570e-05
901 2.536006e-05
902 2.302459e-05
903 1.821397e-05
904 1.353653e-05
905 1.055265e-05
906 6.927245e-06
907 4.423527e-06
908 2.615364e-06
909 1.594738e-06
910 0.000000e+00
911 0.000000e+00
912 0.000000e+00
913 0.000000e+00
914 0.000000e+00
915 0.000000e+00
916 0.000000e+00
917 0.000000e+00
918 0.000000e+00
919 0.000000e+00
920 2.036165e-05
921 2.137803e-05
922 2.019123e-05
923 1.660163e-05
924 1.238522e-05
925 9.519443e-06
926 6.855042e-06
927 4.092114e-06
928 2.508466e-06
929 1.518917e-06
930 0.000000e+00
931 0.000000e+00
932 0.000000e+00
933 0.000000e+00
934 0.000000e+00
935 0.000000e+00
936 0.000000e+00
937 0.000000e+00
938 0.000000e+00
939 0.000000e+00
940 1.712342e-05
941 1.836920e-05
942 1.790136e-05
943 1.526161e-05
944 1.154442e-05
945 8.724893e-06
946 6.641261e-06
947 3.897293e-06
948 2.529406e-06
949 1.506063e-06
950 8.882745e-07
951 0.000000e+00
952 0.000000e+00
953 0.000000e+00
954 0.000000e+00
955 0.000000e+00
956 0.000000e+00
957 0.000000e+00
958 0.000000e+00
959 0.000000e+00
960 1.470687e-05
961 1.604993e-05
962 1.603852e-05
963 1.411934e-05
964 1.088845e-05
965 8.133469e-06
966 6.333667e-06
967 3.854094e-06
968 2.542273e-06
969 1.489877e-06
970 8.712251e-07
971 0.000000e+00
972 0.000000e+00
973 0.000000e+00
974 0.000000e+00
975 0.000000e+00
976 0.000000e+00
977 0.000000e+00
978 0.000000e+00
979 0.000000e+00
980 1.286022e-05
981 1.423282e-05
982 1.451592e-05
983 1.313849e-05
984 1.035305e-05
985 7.691499e-06
986 6.008444e-06
987 3.881769e-06
988 2.490109e-06
989 1.443839e-06
990 8.581039e-07
991 0.000000e+00
992 0.000000e+00
993 0.000000e+00
994 0.000000e+00
995 0.000000e+00
996 0.000000e+00
997 0.000000e+00
998 0.000000e+00
999 0.000000e+00
