0 4.799745e-09
1 3.389560e-09
2 2.308599e-09
3 1.525608e-09
4 9.991952e-10
5 6.620247e-10
6 4.466993e-10
7 3.064334e-10
8 2.110690e-10
9 1.435484e-10
10 9.482225e-11
11 6.008250e-11
12 3.624703e-11
13 2.077517e-11
14 1.134329e-11
15 0.000000e+00
16 0.000000e+00
17 0.000000e+00
18 0.000000e+00
19 0.000000e+00
20 7.712003e-09
21 5.566697e-09
22 3.871415e-09
23 2.593397e-09
24 1.693546e-09
25 1.107839e-09
26 7.358090e-10
27 4.984927e-10
28 3.423648e-10
29 2.348198e-10
30 1.580466e-10
31 1.027962e-10
32 6.391512e-11
33 3.777933e-11
34 2.122182e-11
35 0.000000e+00
36 0.000000e+00
37 0.000000e+00
38 0.000000e+00
39 0.000000e+00
40 9.105833e-09
41 6.635800e-09
42 4.654333e-09
43 3.144041e-09
44 2.059260e-09
45 1.341910e-09
46 8.859648e-10
47 5.962393e-10
48 4.078594e-10
49 2.797777e-10
50 1.892309e-10
51 1.241629e-10
52 7.808983e-11
53 4.675448e-11
54 2.660405e-11
55 0.000000e+00
56 0.000000e+00
57 0.000000e+00
58 0.000000e+00
59 0.000000e+00
60 9.997235e-09
61 7.324205e-09
62 5.160943e-09
63 3.500988e-09
64 2.298317e-09
65 1.495422e-09
66 9.842995e-10
67 6.600811e-10
68 4.504419e-10
69 3.089265e-10
70 2.094485e-10
71 1.379882e-10
72 8.728914e-11
73 5.261149e-11
74 3.013327e-11
75 0.000000e+00
76 0.000000e+00
77 0.000000e+00
78 0.000000e+00
79 0.000000e+00
80 1.076499e-08
81 7.916757e-09
82 5.596741e-09
83 3.808511e-09
84 2.504141e-09
85 1.627557e-09
86 1.068958e-09
87 7.149303e-10
88 4.870026e-10
89 3.341056e-10
90 2.267733e-10
91 1.498883e-10
92 9.519849e-11
93 5.763653e-11
94 3.316942e-11
95 0.000000e+00
96 0.000000e+00
97 0.000000e+00
98 0.000000e+00
99 0.000000e+00
100 1.441477e-08
101 1.073639e-08
102 7.676832e-09
103 5.282886e-09
104 3.485015e-09
105 2.253265e-09
106 1.468591e-09
107 9.734965e-10
108 6.595012e-10
109 4.524993e-10
110 3.092586e-10
111 2.067926e-10
112 1.332666e-10
113 8.194165e-11
114 4.784683e-11
115 0.000000e+00
116 0.000000e+00
117 0.000000e+00
118 0.000000e+00
119 0.000000e+00
120 1.854369e-08
121 1.406542e-08
122 1.019416e-08
123 7.117175e-09
124 4.758947e-09
125 3.077390e-09
126 1.991159e-09
127 1.305339e-09
128 8.745856e-10
129 5.964508e-10
130 4.081180e-10
131 2.752271e-10
132 1.799368e-10
133 1.126805e-10
134 6.713088e-11
135 0.000000e+00
136 0.000000e+00
137 0.000000e+00
138 0.000000e+00
139 0.000000e+00
140 2.140557e-08
141 1.641180e-08
142 1.199035e-08
143 8.433389e-09
144 5.683936e-09
145 3.685580e-09
146 2.376369e-09
147 1.549515e-09
148 1.031057e-09
149 7.002475e-10
150 4.787907e-10
151 3.239657e-10
152 2.132424e-10
153 1.347779e-10
154 8.115312e-11
155 0.000000e+00
156 0.000000e+00
157 0.000000e+00
158 0.000000e+00
159 0.000000e+00
160 2.388702e-08
161 1.845499e-08
162 1.355545e-08
163 9.582801e-09
164 6.493382e-09
165 4.218931e-09
166 2.714320e-09
167 1.763709e-09
168 1.168798e-09
169 7.909459e-10
170 5.404802e-10
171 3.664500e-10
172 2.422621e-10
173 1.540401e-10
174 9.339277e-11
175 0.000000e+00
176 0.000000e+00
177 0.000000e+00
178 0.000000e+00
179 0.000000e+00
180 2.563379e-08
181 2.000710e-08
182 1.480142e-08
183 1.052608e-08
184 7.194120e-09
185 4.695959e-09
186 3.013610e-09
187 1.950631e-09
188 1.284431e-09
189 8.644841e-10
190 5.891771e-10
191 3.998982e-10
192 2.655979e-10
193 1.701366e-10
194 1.041094e-10
195 0.000000e+00
196 0.000000e+00
197 0.000000e+00
198 0.000000e+00
199 0.000000e+00
200 3.119969e-08
201 2.483469e-08
202 1.864362e-08
203 1.341135e-08
204 9.283998e-09
205 6.130803e-09
206 3.926172e-09
207 2.525691e-09
208 1.645153e-09
209 1.095985e-09
210 7.424917e-10
211 5.041673e-10
212 3.370816e-10
213 2.184737e-10
214 1.357348e-10
215 0.000000e+00
216 0.000000e+00
217 0.000000e+00
218 0.000000e+00
219 0.000000e+00
220 3.620506e-08
221 2.921635e-08
222 2.216958e-08
223 1.606525e-08
224 1.121552e-08
225 7.466464e-09
226 4.783110e-09
227 3.064709e-09
228 1.982882e-09
229 1.311600e-09
230 8.843904e-10
231 6.000789e-10
232 4.026320e-10
233 2.628062e-10
234 1.648448e-10
235 0.000000e+00
236 0.000000e+00
237 0.000000e+00
238 0.000000e+00
239 0.000000e+00
240 4.009517e-08
241 3.288748e-08
242 2.530915e-08
243 1.852101e-08
244 1.304341e-08
245 8.796589e-09
246 5.662917e-09
247 3.613589e-09
248 2.322332e-09
249 1.521336e-09
250 1.017157e-09
251 6.872680e-10
252 4.615806e-10
253 3.030724e-10
254 1.919985e-10
255 0.000000e+00
256 0.000000e+00
257 0.000000e+00
258 0.000000e+00
259 0.000000e+00
260 4.888650e-08
261 4.103426e-08
262 3.223449e-08
263 2.392974e-08
264 1.705938e-08
265 1.168146e-08
266 7.597337e-09
267 4.824583e-09
268 3.078123e-09
269 1.990281e-09
270 1.314985e-09
271 8.822863e-10
272 5.924952e-10
273 3.916063e-10
274 2.511043e-10
275 0.000000e+00
276 0.000000e+00
277 0.000000e+00
278 0.000000e+00
279 0.000000e+00
280 6.378933e-08
281 5.558197e-08
282 4.530564e-08
283 3.465741e-08
284 2.523098e-08
285 1.767463e-08
286 1.181370e-08
287 7.531524e-09
288 4.760874e-09
289 3.019886e-09
290 1.949097e-09
291 1.282112e-09
292 8.523095e-10
293 5.641386e-10
294 3.661874e-10
295 0.000000e+00
296 0.000000e+00
297 0.000000e+00
298 0.000000e+00
299 0.000000e+00
