0 6.567915e+03
1 3.011662e+03
2 1.298958e+03
3 4.599047e+02
4 9.054683e+01
5 9.438942e+03
6 3.931948e+03
7 1.509797e+03
8 4.587280e+02
9 7.312548e+01
10 8.775993e+03
11 3.279941e+03
12 1.106261e+03
13 2.841466e+02
14 3.602026e+01
15 3.102188e-08
16 2.121981e-08
17 1.395650e-08
18 8.807868e-09
19 5.420185e-09
20 3.769201e-08
21 2.550298e-08
22 1.638495e-08
23 1.022949e-08
24 6.193047e-09
25 4.567066e-08
26 3.027946e-08
27 1.911592e-08
28 1.178244e-08
29 7.030065e-09
30 5.571379e-08
31 3.598355e-08
32 2.243923e-08
33 1.358302e-08
34 8.004182e-09
35 6.841505e-08
36 4.313452e-08
37 2.649664e-08
38 1.577470e-08
39 9.166976e-09
40 3.757054e-08
41 2.572351e-08
42 1.694175e-08
43 1.069701e-08
44 6.588108e-09
45 4.565463e-08
46 3.093651e-08
47 1.989279e-08
48 1.242887e-08
49 7.529332e-09
50 5.533587e-08
51 3.674925e-08
52 2.321349e-08
53 1.432048e-08
54 8.549112e-09
55 6.755163e-08
56 4.368358e-08
57 2.725971e-08
58 1.651263e-08
59 9.736124e-09
60 8.301587e-08
61 5.237795e-08
62 3.219970e-08
63 1.918284e-08
64 1.115303e-08
65 4.365681e-08
66 2.990414e-08
67 1.971287e-08
68 1.245064e-08
69 7.672251e-09
70 5.304606e-08
71 3.598028e-08
72 2.314899e-08
73 1.447048e-08
74 8.769759e-09
75 6.430776e-08
76 4.275494e-08
77 2.701712e-08
78 1.667646e-08
79 9.959191e-09
80 7.854030e-08
81 5.083126e-08
82 3.173440e-08
83 1.923209e-08
84 1.134382e-08
85 9.656932e-08
86 6.095830e-08
87 3.749366e-08
88 2.234649e-08
89 1.299661e-08
90 3.045632e-08
91 2.029925e-08
92 1.383050e-08
93 9.224069e-09
94 5.797348e-09
95 3.654138e-08
96 2.437138e-08
97 1.668330e-08
98 1.078952e-08
99 6.724033e-09
100 4.352559e-08
101 2.937296e-08
102 1.985429e-08
103 1.252675e-08
104 7.734930e-09
105 5.248550e-08
106 3.586844e-08
107 2.353035e-08
108 1.465305e-08
109 8.888306e-09
110 6.488271e-08
111 4.421298e-08
112 2.803847e-08
113 1.725508e-08
114 1.029514e-08
115 4.152805e-08
116 2.767901e-08
117 1.884107e-08
118 1.258321e-08
119 7.911071e-09
120 4.983683e-08
121 3.320805e-08
122 2.273302e-08
123 1.472271e-08
124 9.177419e-09
125 5.935002e-08
126 3.999902e-08
127 2.707115e-08
128 1.709435e-08
129 1.055879e-08
130 7.151838e-08
131 4.884244e-08
132 3.210458e-08
133 1.999543e-08
134 1.213448e-08
135 8.833496e-08
136 6.025554e-08
137 3.826204e-08
138 2.354729e-08
139 1.405742e-08
140 3.478884e-08
141 2.435503e-08
142 1.587067e-08
143 1.072650e-08
144 7.083785e-09
145 4.274330e-08
146 2.884329e-08
147 1.885349e-08
148 1.286264e-08
149 8.171767e-09
150 5.155242e-08
151 3.385037e-08
152 2.252025e-08
153 1.515625e-08
154 9.361422e-09
155 6.183994e-08
156 4.012249e-08
157 2.724784e-08
158 1.768224e-08
159 1.084871e-08
160 7.439869e-08
161 4.875351e-08
162 3.321836e-08
163 2.072037e-08
164 1.269239e-08
