0 3.907670e-09
1 2.728712e-09
2 1.838157e-09
3 1.205870e-09
4 7.921489e-10
5 5.286702e-10
6 3.598319e-10
7 2.483465e-10
8 1.712116e-10
9 1.158175e-10
10 7.567503e-11
11 4.723828e-11
12 2.799596e-11
13 1.574923e-11
14 8.451511e-12
15 0.000000e+00
16 0.000000e+00
17 0.000000e+00
18 0.000000e+00
19 0.000000e+00
20 6.603522e-09
21 4.715556e-09
22 3.245869e-09
23 2.150662e-09
24 1.399113e-09
25 9.199742e-10
26 6.155449e-10
27 4.205109e-10
28 2.902783e-10
29 1.990927e-10
30 1.332430e-10
31 8.573711e-11
32 5.255264e-11
33 3.054860e-11
34 1.686727e-11
35 0.000000e+00
36 0.000000e+00
37 0.000000e+00
38 0.000000e+00
39 0.000000e+00
40 7.578042e-09
41 5.443543e-09
42 3.770178e-09
43 2.509120e-09
44 1.630437e-09
45 1.068299e-09
46 7.113446e-10
47 4.841466e-10
48 3.338439e-10
49 2.294539e-10
50 1.543619e-10
51 1.000723e-10
52 6.185992e-11
53 3.627327e-11
54 2.018692e-11
55 0.000000e+00
56 0.000000e+00
57 0.000000e+00
58 0.000000e+00
59 0.000000e+00
60 8.178001e-09
61 5.890271e-09
62 4.091818e-09
63 2.729331e-09
64 1.772337e-09
65 1.159280e-09
66 7.703173e-10
67 5.233243e-10
68 3.606746e-10
69 2.481657e-10
70 1.673618e-10
71 1.088922e-10
72 6.758092e-11
73 3.978917e-11
74 2.222438e-11
75 0.000000e+00
76 0.000000e+00
77 0.000000e+00
78 0.000000e+00
79 0.000000e+00
80 8.730888e-09
81 6.301584e-09
82 4.387347e-09
83 2.930838e-09
84 1.902440e-09
85 1.242632e-09
86 8.241259e-10
87 5.591068e-10
88 3.852627e-10
89 2.652305e-10
90 1.792204e-10
91 1.169077e-10
92 7.279993e-11
93 4.298749e-11
94 2.407788e-11
95 0.000000e+00
96 0.000000e+00
97 0.000000e+00
98 0.000000e+00
99 0.000000e+00
100 1.434467e-08
101 1.064637e-08
102 7.596869e-09
103 5.218706e-09
104 3.426299e-09
105 2.211324e-09
106 1.442362e-09
107 9.578317e-10
108 6.505449e-10
109 4.474158e-10
110 3.062199e-10
111 2.047663e-10
112 1.317682e-10
113 8.078745e-11
114 4.697459e-11
115 0.000000e+00
116 0.000000e+00
117 0.000000e+00
118 0.000000e+00
119 0.000000e+00
120 1.844937e-08
121 1.392797e-08
122 1.006436e-08
123 7.011564e-09
124 4.665993e-09
125 3.004818e-09
126 1.946724e-09
127 1.277677e-09
128 8.587801e-10
129 5.874798e-10
130 4.028873e-10
131 2.718652e-10
132 1.775324e-10
133 1.108508e-10
134 6.574433e-11
135 0.000000e+00
136 0.000000e+00
137 0.000000e+00
138 0.000000e+00
139 0.000000e+00
140 2.102040e-08
141 1.599325e-08
142 1.161787e-08
143 8.143154e-09
144 5.450763e-09
145 3.509006e-09
146 2.266665e-09
147 1.480624e-09
148 9.906719e-10
149 6.759793e-10
150 4.638440e-10
151 3.141293e-10
152 2.063722e-10
153 1.298309e-10
154 7.762480e-11
155 0.000000e+00
156 0.000000e+00
157 0.000000e+00
158 0.000000e+00
159 0.000000e+00
160 2.331795e-08
161 1.783693e-08
162 1.300256e-08
163 9.149819e-09
164 6.148321e-09
165 3.957179e-09
166 2.551046e-09
167 1.661167e-09
168 1.108123e-09
169 7.548377e-10
170 5.181752e-10
171 3.517898e-10
172 2.320346e-10
173 1.466912e-10
174 8.816073e-11
175 0.000000e+00
176 0.000000e+00
177 0.000000e+00
178 0.000000e+00
179 0.000000e+00
180 2.632253e-08
181 2.057155e-08
182 1.522565e-08
183 1.083321e-08
184 7.414270e-09
185 4.835731e-09
186 3.099061e-09
187 2.004489e-09
188 1.319088e-09
189 8.875861e-10
190 6.052043e-10
191 4.112179e-10
192 2.735002e-10
193 1.754587e-10
194 1.075059e-10
195 0.000000e+00
196 0.000000e+00
197 0.000000e+00
198 0.000000e+00
199 0.000000e+00
200 3.195805e-08
201 2.545122e-08
202 1.910114e-08
203 1.373443e-08
204 9.514838e-09
205 6.276069e-09
206 4.009315e-09
207 2.579524e-09
208 1.679203e-09
209 1.119064e-09
210 7.588860e-10
211 5.159288e-10
212 3.454066e-10
213 2.241233e-10
214 1.393490e-10
215 0.000000e+00
216 0.000000e+00
217 0.000000e+00
218 0.000000e+00
219 0.000000e+00
220 3.696544e-08
221 2.978216e-08
222 2.253975e-08
223 1.630177e-08
224 1.137628e-08
225 7.552339e-09
226 4.817057e-09
227 3.089675e-09
228 1.998832e-09
229 1.324581e-09
230 8.953518e-10
231 6.088823e-10
232 4.091830e-10
233 2.672475e-10
234 1.675470e-10
235 0.000000e+00
236 0.000000e+00
237 0.000000e+00
238 0.000000e+00
239 0.000000e+00
240 4.150889e-08
241 3.417151e-08
242 2.637837e-08
243 1.933137e-08
244 1.363793e-08
245 9.219794e-09
246 5.936787e-09
247 3.784237e-09
248 2.428183e-09
249 1.587971e-09
250 1.060246e-09
251 7.160385e-10
252 4.812144e-10
253 3.164654e-10
254 2.009443e-10
255 0.000000e+00
256 0.000000e+00
257 0.000000e+00
258 0.000000e+00
259 0.000000e+00
260 5.066158e-08
261 4.264471e-08
262 3.356318e-08
263 2.494246e-08
264 1.779513e-08
265 1.220631e-08
266 7.938273e-09
267 5.033646e-09
268 3.209115e-09
269 2.072425e-09
270 1.368136e-09
271 9.178789e-10
272 6.168337e-10
273 4.082355e-10
274 2.622178e-10
275 0.000000e+00
276 0.000000e+00
277 0.000000e+00
278 0.000000e+00
279 0.000000e+00
280 6.661054e-08
281 5.827192e-08
282 4.768390e-08
283 3.659352e-08
284 2.669719e-08
285 1.874100e-08
286 1.256148e-08
287 8.013341e-09
288 5.061068e-09
289 3.204428e-09
290 2.063507e-09
291 1.354547e-09
292 8.993851e-10
293 5.952760e-10
294 3.868153e-10
295 0.000000e+00
296 0.000000e+00
297 0.000000e+00
298 0.000000e+00
299 0.000000e+00
