0 6.438319e-05
1 4.898045e-05
2 3.712048e-05
3 2.619749e-05
4 1.661223e-05
5 1.057754e-05
6 6.646402e-06
7 0.000000e+00
8 0.000000e+00
9 0.000000e+00
10 0.000000e+00
11 0.000000e+00
12 0.000000e+00
13 0.000000e+00
14 0.000000e+00
15 0.000000e+00
16 0.000000e+00
17 0.000000e+00
18 0.000000e+00
19 0.000000e+00
20 4.425423e-05
21 3.549325e-05
22 2.672667e-05
23 2.042218e-05
24 1.395575e-05
25 8.783727e-06
26 5.503674e-06
27 3.441902e-06
28 0.000000e+00
29 0.000000e+00
30 0.000000e+00
31 0.000000e+00
32 0.000000e+00
33 0.000000e+00
34 0.000000e+00
35 0.000000e+00
36 0.000000e+00
37 0.000000e+00
38 0.000000e+00
39 0.000000e+00
40 3.150448e-05
41 2.736511e-05
42 2.112703e-05
43 1.592227e-05
44 1.207864e-05
45 7.632835e-06
46 4.911568e-06
47 3.002393e-06
48 1.870275e-06
49 0.000000e+00
50 0.000000e+00
51 0.000000e+00
52 0.000000e+00
53 0.000000e+00
54 0.000000e+00
55 0.000000e+00
56 0.000000e+00
57 0.000000e+00
58 0.000000e+00
59 0.000000e+00
60 2.323140e-05
61 2.161080e-05
62 1.759589e-05
63 1.318146e-05
64 1.013501e-05
65 7.109861e-06
66 4.385067e-06
67 2.726016e-06
68 1.677066e-06
69 0.000000e+00
70 0.000000e+00
71 0.000000e+00
72 0.000000e+00
73 0.000000e+00
74 0.000000e+00
75 0.000000e+00
76 0.000000e+00
77 0.000000e+00
78 0.000000e+00
79 0.000000e+00
80 1.778650e-05
81 1.741448e-05
82 1.499228e-05
83 1.145664e-05
84 8.639422e-06
85 6.563534e-06
86 4.010615e-06
87 2.596751e-06
88 1.564747e-06
89 9.543459e-07
90 0.000000e+00
91 0.000000e+00
92 0.000000e+00
93 0.000000e+00
94 0.000000e+00
95 0.000000e+00
96 0.000000e+00
97 0.000000e+00
98 0.000000e+00
99 0.000000e+00
100 1.409499e-05
101 1.432941e-05
102 1.294733e-05
103 1.022819e-05
104 7.625598e-06
105 5.915019e-06
106 3.873622e-06
107 2.461691e-06
108 1.470554e-06
109 8.932073e-07
110 0.000000e+00
111 0.000000e+00
112 0.000000e+00
113 0.000000e+00
114 0.000000e+00
115 0.000000e+00
116 0.000000e+00
117 0.000000e+00
118 0.000000e+00
119 0.000000e+00
120 1.151027e-05
121 1.203748e-05
122 1.131283e-05
123 9.270943e-06
124 6.927559e-06
125 5.327126e-06
126 3.790436e-06
127 2.292551e-06
128 1.407778e-06
129 8.512254e-07
130 0.000000e+00
131 0.000000e+00
132 0.000000e+00
133 0.000000e+00
134 0.000000e+00
135 0.000000e+00
136 0.000000e+00
137 0.000000e+00
138 0.000000e+00
139 0.000000e+00
140 9.641140e-06
141 1.030637e-05
142 9.996281e-06
143 8.484889e-06
144 6.417484e-06
145 4.862173e-06
146 3.660592e-06
147 2.174129e-06
148 1.394089e-06
149 8.309576e-07
150 4.939903e-07
151 0.000000e+00
152 0.000000e+00
153 0.000000e+00
154 0.000000e+00
155 0.000000e+00
156 0.000000e+00
157 0.000000e+00
158 0.000000e+00
159 0.000000e+00
160 8.249804e-06
161 8.974683e-06
162 8.928757e-06
163 7.822032e-06
164 6.022270e-06
165 4.510231e-06
166 3.488883e-06
167 2.127121e-06
168 1.387822e-06
169 8.155719e-07
170 4.796140e-07
171 0.000000e+00
172 0.000000e+00
173 0.000000e+00
174 0.000000e+00
175 0.000000e+00
176 0.000000e+00
177 0.000000e+00
178 0.000000e+00
179 0.000000e+00
180 7.188418e-06
181 7.932602e-06
182 8.057453e-06
183 7.256423e-06
184 5.701958e-06
185 4.244326e-06
186 3.306783e-06
187 2.122092e-06
188 1.360026e-06
189 7.932032e-07
190 4.694052e-07
191 0.000000e+00
192 0.000000e+00
193 0.000000e+00
194 0.000000e+00
195 0.000000e+00
196 0.000000e+00
197 0.000000e+00
198 0.000000e+00
199 0.000000e+00
