0 3.900671e-09
1 2.723797e-09
2 1.834656e-09
3 1.203667e-09
4 7.907858e-10
5 5.276986e-10
6 3.591592e-10
7 2.478941e-10
8 1.708811e-10
9 1.155951e-10
10 7.552833e-11
11 4.714358e-11
12 2.794149e-11
13 1.572135e-11
14 8.436603e-12
15 0.000000e+00
16 0.000000e+00
17 0.000000e+00
18 0.000000e+00
19 0.000000e+00
20 6.597745e-09
21 4.711842e-09
22 3.243641e-09
23 2.148986e-09
24 1.398119e-09
25 9.193096e-10
26 6.150464e-10
27 4.201642e-10
28 2.899406e-10
29 1.989176e-10
30 1.331220e-10
31 8.568198e-11
32 5.251580e-11
33 3.052943e-11
34 1.685589e-11
35 0.000000e+00
36 0.000000e+00
37 0.000000e+00
38 0.000000e+00
39 0.000000e+00
40 7.572057e-09
41 5.439477e-09
42 3.767408e-09
43 2.507349e-09
44 1.629258e-09
45 1.067512e-09
46 7.108504e-10
47 4.838247e-10
48 3.335994e-10
49 2.292960e-10
50 1.542592e-10
51 1.000097e-10
52 6.182314e-11
53 3.625318e-11
54 2.017725e-11
55 0.000000e+00
56 0.000000e+00
57 0.000000e+00
58 0.000000e+00
59 0.000000e+00
60 8.171453e-09
61 5.886768e-09
62 4.089165e-09
63 2.727585e-09
64 1.771931e-09
65 1.158835e-09
66 7.698573e-10
67 5.229644e-10
68 3.604228e-10
69 2.479884e-10
70 1.672489e-10
71 1.088487e-10
72 6.750982e-11
73 3.975063e-11
74 2.222609e-11
75 0.000000e+00
76 0.000000e+00
77 0.000000e+00
78 0.000000e+00
79 0.000000e+00
80 8.724700e-09
81 6.297632e-09
82 4.384515e-09
83 2.928695e-09
84 1.901097e-09
85 1.241836e-09
86 8.236318e-10
87 5.587887e-10
88 3.849280e-10
89 2.650783e-10
90 1.791198e-10
91 1.168788e-10
92 7.276262e-11
93 4.296872e-11
94 2.406410e-11
95 0.000000e+00
96 0.000000e+00
97 0.000000e+00
98 0.000000e+00
99 0.000000e+00
100 1.434404e-08
101 1.064610e-08
102 7.596683e-09
103 5.218323e-09
104 3.426601e-09
105 2.211476e-09
106 1.442338e-09
107 9.578236e-10
108 6.505590e-10
109 4.474059e-10
110 3.062111e-10
111 2.047611e-10
112 1.317667e-10
113 8.079003e-11
114 4.697760e-11
115 0.000000e+00
116 0.000000e+00
117 0.000000e+00
118 0.000000e+00
119 0.000000e+00
120 1.844884e-08
121 1.392830e-08
122 1.006452e-08
123 7.011337e-09
124 4.666105e-09
125 3.005328e-09
126 1.946873e-09
127 1.277796e-09
128 8.588750e-10
129 5.875240e-10
130 4.029002e-10
131 2.718726e-10
132 1.775395e-10
133 1.108585e-10
134 6.575120e-11
135 0.000000e+00
136 0.000000e+00
137 0.000000e+00
138 0.000000e+00
139 0.000000e+00
140 2.102008e-08
141 1.599419e-08
142 1.161936e-08
143 8.143793e-09
144 5.451337e-09
145 3.509684e-09
146 2.267123e-09
147 1.480811e-09
148 9.907995e-10
149 6.760711e-10
150 4.638926e-10
151 3.141760e-10
152 2.064056e-10
153 1.298553e-10
154 7.764235e-11
155 0.000000e+00
156 0.000000e+00
157 0.000000e+00
158 0.000000e+00
159 0.000000e+00
160 2.331838e-08
161 1.783817e-08
162 1.300413e-08
163 9.150966e-09
164 6.148885e-09
165 3.958131e-09
166 2.551703e-09
167 1.661542e-09
168 1.108349e-09
169 7.549920e-10
170 5.181885e-10
171 3.517936e-10
172 2.320628e-10
173 1.467140e-10
174 8.817891e-11
175 0.000000e+00
176 0.000000e+00
177 0.000000e+00
178 0.000000e+00
179 0.000000e+00
180 2.631925e-08
181 2.056956e-08
182 1.522437e-08
183 1.083236e-08
184 7.413517e-09
185 4.835602e-09
186 3.099075e-09
187 2.004513e-09
188 1.319063e-09
189 8.875713e-10
190 6.051796e-10
191 4.111920e-10
192 2.734802e-10
193 1.754457e-10
194 1.074990e-10
195 0.000000e+00
196 0.000000e+00
197 0.000000e+00
198 0.000000e+00
199 0.000000e+00
200 3.195756e-08
201 2.544951e-08
202 1.910108e-08
203 1.373403e-08
204 9.514447e-09
205 6.276212e-09
206 4.009625e-09
207 2.579453e-09
208 1.679211e-09
209 1.119125e-09
210 7.588966e-10
211 5.159444e-10
212 3.454150e-10
213 2.241289e-10
214 1.393538e-10
215 0.000000e+00
216 0.000000e+00
217 0.000000e+00
218 0.000000e+00
219 0.000000e+00
220 3.696148e-08
221 2.977973e-08
222 2.253858e-08
223 1.630147e-08
224 1.137536e-08
225 7.552229e-09
226 4.817845e-09
227 3.089853e-09
228 1.999093e-09
229 1.324720e-09
230 8.953116e-10
231 6.088386e-10
232 4.091442e-10
233 2.672202e-10
234 1.675316e-10
235 0.000000e+00
236 0.000000e+00
237 0.000000e+00
238 0.000000e+00
239 0.000000e+00
240 4.150438e-08
241 3.416623e-08
242 2.637603e-08
243 1.932931e-08
244 1.363638e-08
245 9.218915e-09
246 5.936460e-09
247 3.783747e-09
248 2.427980e-09
249 1.587930e-09
250 1.060237e-09
251 7.160015e-10
252 4.811862e-10
253 3.164440e-10
254 2.009297e-10
255 0.000000e+00
256 0.000000e+00
257 0.000000e+00
258 0.000000e+00
259 0.000000e+00
260 5.065584e-08
261 4.264031e-08
262 3.356073e-08
263 2.494181e-08
264 1.779374e-08
265 1.220595e-08
266 7.938337e-09
267 5.033915e-09
268 3.209297e-09
269 2.072666e-09
270 1.368080e-09
271 9.178170e-10
272 6.167748e-10
273 4.081894e-10
274 2.621879e-10
275 0.000000e+00
276 0.000000e+00
277 0.000000e+00
278 0.000000e+00
279 0.000000e+00
280 6.660106e-08
281 5.826389e-08
282 4.767795e-08
283 3.659025e-08
284 2.669486e-08
285 1.873916e-08
286 1.256062e-08
287 8.012590e-09
288 5.060779e-09
289 3.204367e-09
290 2.063306e-09
291 1.354535e-09
292 8.992670e-10
293 5.951854e-10
294 3.867533e-10
295 0.000000e+00
296 0.000000e+00
297 0.000000e+00
298 0.000000e+00
299 0.000000e+00
