0 4.091009e-09
1 2.862994e-09
2 1.932805e-09
3 1.269776e-09
4 8.332970e-10
5 5.553192e-10
6 3.773154e-10
7 2.601182e-10
8 1.793116e-10
9 1.214438e-10
10 7.953858e-11
11 4.979839e-11
12 2.962139e-11
13 1.672818e-11
14 9.007051e-12
15 0.000000e+00
16 0.000000e+00
17 0.000000e+00
18 0.000000e+00
19 0.000000e+00
20 6.873101e-09
21 4.920401e-09
22 3.395548e-09
23 2.255755e-09
24 1.468377e-09
25 9.642400e-10
26 6.439740e-10
27 4.390773e-10
28 3.027351e-10
29 2.076602e-10
30 1.391760e-10
31 8.979966e-11
32 5.522878e-11
33 3.223386e-11
34 1.787139e-11
35 0.000000e+00
36 0.000000e+00
37 0.000000e+00
38 0.000000e+00
39 0.000000e+00
40 7.931222e-09
41 5.715373e-09
42 3.970462e-09
43 2.652227e-09
44 1.726098e-09
45 1.129281e-09
46 7.503908e-10
47 5.093330e-10
48 3.505725e-10
49 2.409174e-10
50 1.622989e-10
51 1.055356e-10
52 6.552049e-11
53 3.861408e-11
54 2.160739e-11
55 0.000000e+00
56 0.000000e+00
57 0.000000e+00
58 0.000000e+00
59 0.000000e+00
60 8.573646e-09
61 6.199293e-09
62 4.320038e-09
63 2.893449e-09
64 1.883054e-09
65 1.229731e-09
66 8.151977e-10
67 5.521191e-10
68 3.796836e-10
69 2.611157e-10
70 1.763600e-10
71 1.151069e-10
72 7.176719e-11
73 4.249353e-11
74 2.388029e-11
75 0.000000e+00
76 0.000000e+00
77 0.000000e+00
78 0.000000e+00
79 0.000000e+00
80 9.121647e-09
81 6.612170e-09
82 4.618393e-09
83 3.099214e-09
84 2.017085e-09
85 1.315440e-09
86 8.704513e-10
87 5.885947e-10
88 4.044948e-10
89 2.783590e-10
90 1.883475e-10
91 1.232659e-10
92 7.710835e-11
93 4.580834e-11
94 2.582265e-11
95 0.000000e+00
96 0.000000e+00
97 0.000000e+00
98 0.000000e+00
99 0.000000e+00
100 1.452392e-08
101 1.079277e-08
102 7.707318e-09
103 5.298551e-09
104 3.483627e-09
105 2.248976e-09
106 1.466424e-09
107 9.730955e-10
108 6.603666e-10
109 4.538908e-10
110 3.105785e-10
111 2.077331e-10
112 1.337745e-10
113 8.210730e-11
114 4.781236e-11
115 0.000000e+00
116 0.000000e+00
117 0.000000e+00
118 0.000000e+00
119 0.000000e+00
120 1.869650e-08
121 1.414298e-08
122 1.023339e-08
123 7.135767e-09
124 4.757685e-09
125 3.067844e-09
126 1.986281e-09
127 1.302778e-09
128 8.745342e-10
129 5.975886e-10
130 4.095518e-10
131 2.763798e-10
132 1.806178e-10
133 1.129353e-10
134 6.710942e-11
135 0.000000e+00
136 0.000000e+00
137 0.000000e+00
138 0.000000e+00
139 0.000000e+00
140 2.134217e-08
141 1.628425e-08
142 1.185394e-08
143 8.320080e-09
144 5.582974e-09
145 3.602576e-09
146 2.325120e-09
147 1.517608e-09
148 1.013500e-09
149 6.903396e-10
150 4.731927e-10
151 3.204258e-10
152 2.107039e-10
153 1.328032e-10
154 7.961293e-11
155 0.000000e+00
156 0.000000e+00
157 0.000000e+00
158 0.000000e+00
159 0.000000e+00
160 2.359766e-08
161 1.811345e-08
162 1.323867e-08
163 9.330657e-09
164 6.287863e-09
165 4.059178e-09
166 2.614359e-09
167 1.701051e-09
168 1.132113e-09
169 7.695045e-10
170 5.275252e-10
171 3.580486e-10
172 2.364064e-10
173 1.497750e-10
174 9.029350e-11
175 0.000000e+00
176 0.000000e+00
177 0.000000e+00
178 0.000000e+00
179 0.000000e+00
180 2.648849e-08
181 2.071626e-08
182 1.534440e-08
183 1.092295e-08
184 7.478818e-09
185 4.882375e-09
186 3.129636e-09
187 2.023916e-09
188 1.331187e-09
189 8.952454e-10
190 6.101361e-10
191 4.144676e-10
192 2.756691e-10
193 1.769053e-10
194 1.084550e-10
195 0.000000e+00
196 0.000000e+00
197 0.000000e+00
198 0.000000e+00
199 0.000000e+00
200 3.215301e-08
201 2.564043e-08
202 1.926960e-08
203 1.386872e-08
204 9.614146e-09
205 6.350537e-09
206 4.060901e-09
207 2.611328e-09
208 1.698957e-09
209 1.131157e-09
210 7.663692e-10
211 5.207065e-10
212 3.485611e-10
213 2.262526e-10
214 1.407894e-10
215 0.000000e+00
216 0.000000e+00
217 0.000000e+00
218 0.000000e+00
219 0.000000e+00
220 3.707299e-08
221 2.993212e-08
222 2.270355e-08
223 1.644615e-08
224 1.148862e-08
225 7.643091e-09
226 4.884345e-09
227 3.130066e-09
228 2.023634e-09
229 1.338967e-09
230 9.036337e-10
231 6.138583e-10
232 4.123887e-10
233 2.694618e-10
234 1.691362e-10
235 0.000000e+00
236 0.000000e+00
237 0.000000e+00
238 0.000000e+00
239 0.000000e+00
240 4.155633e-08
241 3.422539e-08
242 2.643385e-08
243 1.938133e-08
244 1.367707e-08
245 9.249206e-09
246 5.959772e-09
247 3.798669e-09
248 2.437463e-09
249 1.593389e-09
250 1.063414e-09
251 7.179277e-10
252 4.823832e-10
253 3.172244e-10
254 2.014567e-10
255 0.000000e+00
256 0.000000e+00
257 0.000000e+00
258 0.000000e+00
259 0.000000e+00
260 5.049117e-08
261 4.253241e-08
262 3.351152e-08
263 2.492598e-08
264 1.779666e-08
265 1.221399e-08
266 7.953699e-09
267 5.045054e-09
268 3.215844e-09
269 2.075469e-09
270 1.369017e-09
271 9.177539e-10
272 6.164143e-10
273 4.078762e-10
274 2.620286e-10
275 0.000000e+00
276 0.000000e+00
277 0.000000e+00
278 0.000000e+00
279 0.000000e+00
280 6.585098e-08
281 5.761650e-08
282 4.715798e-08
283 3.619776e-08
284 2.641373e-08
285 1.854450e-08
286 1.243196e-08
287 7.933225e-09
288 5.009877e-09
289 3.172143e-09
290 2.042341e-09
291 1.340424e-09
292 8.897989e-10
293 5.888561e-10
294 3.826235e-10
295 0.000000e+00
296 0.000000e+00
297 0.000000e+00
298 0.000000e+00
299 0.000000e+00
