0 5.262185e-10
1 3.490548e-10
2 2.337206e-10
3 1.596299e-10
4 1.108628e-10
5 7.728576e-11
6 5.320398e-11
7 3.557341e-11
8 2.280541e-11
9 1.390859e-11
10 8.050481e-12
11 4.434747e-12
12 2.340737e-12
13 1.194053e-12
14 5.937456e-13
15 0.000000e+00
16 0.000000e+00
17 0.000000e+00
18 0.000000e+00
19 0.000000e+00
20 1.002206e-09
21 6.649294e-10
22 4.400530e-10
23 2.953148e-10
24 2.019647e-10
25 1.401620e-10
26 9.734973e-11
27 6.650112e-11
28 4.396023e-11
29 2.778517e-11
30 1.668017e-11
31 9.501564e-12
32 5.157181e-12
33 2.687809e-12
34 1.357209e-12
35 0.000000e+00
36 0.000000e+00
37 0.000000e+00
38 0.000000e+00
39 0.000000e+00
40 1.275407e-09
41 8.515021e-10
42 5.616671e-10
43 3.744030e-10
44 2.541004e-10
45 1.755800e-10
46 1.219416e-10
47 8.378468e-11
48 5.599699e-11
49 3.591418e-11
50 2.191849e-11
51 1.269288e-11
52 6.992139e-12
53 3.688494e-12
54 1.879515e-12
55 0.000000e+00
56 0.000000e+00
57 0.000000e+00
58 0.000000e+00
59 0.000000e+00
60 1.437880e-09
61 9.619171e-10
62 6.339265e-10
63 4.215293e-10
64 2.848727e-10
65 1.963560e-10
66 1.362986e-10
67 9.385005e-11
68 6.301236e-11
69 4.067303e-11
70 2.500684e-11
71 1.459092e-11
72 8.093579e-12
73 4.294287e-12
74 2.197932e-12
75 0.000000e+00
76 0.000000e+00
77 0.000000e+00
78 0.000000e+00
79 0.000000e+00
80 1.560326e-09
81 1.049937e-09
82 6.911897e-10
83 4.585948e-10
84 3.097666e-10
85 2.126545e-10
86 1.476067e-10
87 1.018035e-10
88 6.855653e-11
89 4.443471e-11
90 2.747965e-11
91 1.611041e-11
92 8.975123e-12
93 4.774470e-12
94 2.450539e-12
95 0.000000e+00
96 0.000000e+00
97 0.000000e+00
98 0.000000e+00
99 0.000000e+00
100 2.399152e-09
101 1.625309e-09
102 1.069472e-09
103 7.033997e-10
104 4.699980e-10
105 3.205452e-10
106 2.222100e-10
107 1.542831e-10
108 1.053075e-10
109 6.947392e-11
110 4.375429e-11
111 2.613160e-11
112 1.479199e-11
113 7.975231e-12
114 4.130150e-12
115 0.000000e+00
116 0.000000e+00
117 0.000000e+00
118 0.000000e+00
119 0.000000e+00
120 3.544321e-09
121 2.445274e-09
122 1.624404e-09
123 1.064825e-09
124 7.009632e-10
125 4.722682e-10
126 3.244594e-10
127 2.252212e-10
128 1.552448e-10
129 1.043082e-10
130 6.729941e-11
131 4.129125e-11
132 2.400121e-11
133 1.324608e-11
134 6.988644e-12
135 0.000000e+00
136 0.000000e+00
137 0.000000e+00
138 0.000000e+00
139 0.000000e+00
140 4.325336e-09
141 3.010106e-09
142 2.013175e-09
143 1.316285e-09
144 8.650050e-10
145 5.783023e-10
146 3.952640e-10
147 2.737912e-10
148 1.892398e-10
149 1.280975e-10
150 8.354799e-11
151 5.192262e-11
152 3.058535e-11
153 1.708944e-11
154 9.109908e-12
155 0.000000e+00
156 0.000000e+00
157 0.000000e+00
158 0.000000e+00
159 0.000000e+00
160 4.949251e-09
161 3.462405e-09
162 2.328261e-09
163 1.521715e-09
164 9.972478e-10
165 6.642473e-10
166 4.521827e-10
167 3.130019e-10
168 2.167137e-10
169 1.473109e-10
170 9.665481e-11
171 6.051296e-11
172 3.591854e-11
173 2.021158e-11
174 1.083809e-11
175 0.000000e+00
176 0.000000e+00
177 0.000000e+00
178 0.000000e+00
179 0.000000e+00
180 6.108200e-09
181 4.327615e-09
182 2.951793e-09
183 1.938416e-09
184 1.260192e-09
185 8.322387e-10
186 5.614293e-10
187 3.861316e-10
188 2.674894e-10
189 1.831871e-10
190 1.218220e-10
191 7.757638e-11
192 4.690761e-11
193 2.686745e-11
194 1.462676e-11
195 0.000000e+00
196 0.000000e+00
197 0.000000e+00
198 0.000000e+00
199 0.000000e+00
200 8.364041e-09
201 6.017393e-09
202 4.169196e-09
203 2.768115e-09
204 1.796872e-09
205 1.176140e-09
206 7.830726e-10
207 5.331241e-10
208 3.681147e-10
209 2.535607e-10
210 1.709347e-10
211 1.109968e-10
212 6.866907e-11
213 4.026730e-11
214 2.239846e-11
215 0.000000e+00
216 0.000000e+00
217 0.000000e+00
218 0.000000e+00
219 0.000000e+00
220 1.032282e-08
221 7.488906e-09
222 5.239664e-09
223 3.506925e-09
224 2.275985e-09
225 1.482854e-09
226 9.799915e-10
227 6.629979e-10
228 4.561119e-10
229 3.149095e-10
230 2.139210e-10
231 1.404067e-10
232 8.792863e-11
233 5.223633e-11
234 2.941694e-11
235 0.000000e+00
236 0.000000e+00
237 0.000000e+00
238 0.000000e+00
239 0.000000e+00
240 1.315471e-08
241 9.709314e-09
242 6.900199e-09
243 4.709099e-09
244 3.083563e-09
245 1.994316e-09
246 1.304326e-09
247 8.700137e-10
248 5.927186e-10
249 4.080816e-10
250 2.788259e-10
251 1.856844e-10
252 1.187898e-10
253 7.232945e-11
254 4.176331e-11
255 0.000000e+00
256 0.000000e+00
257 0.000000e+00
258 0.000000e+00
259 0.000000e+00
260 1.831732e-08
261 1.381526e-08
262 9.976734e-09
263 6.946912e-09
264 4.626267e-09
265 2.980252e-09
266 1.928440e-09
267 1.266903e-09
268 8.522525e-10
269 5.829917e-10
270 3.996565e-10
271 2.694850e-10
272 1.757894e-10
273 1.096284e-10
274 6.494245e-11
275 0.000000e+00
276 0.000000e+00
277 0.000000e+00
278 0.000000e+00
279 0.000000e+00
280 3.107592e-08
281 2.479141e-08
282 1.866611e-08
283 1.344908e-08
284 9.337148e-09
285 6.183064e-09
286 3.963213e-09
287 2.549819e-09
288 1.660200e-09
289 1.103642e-09
290 7.459138e-10
291 5.055647e-10
292 3.377186e-10
293 2.189177e-10
294 1.361783e-10
295 0.000000e+00
296 0.000000e+00
297 0.000000e+00
298 0.000000e+00
299 0.000000e+00
300 6.357069e-07
301 4.879788e-07
302 3.683491e-07
303 2.621267e-07
304 1.685528e-07
305 1.070130e-07
306 6.715273e-08
307 4.322403e-08
308 2.895678e-08
309 2.015214e-08
310 1.430756e-08
311 1.006449e-08
312 0.000000e+00
313 0.000000e+00
314 0.000000e+00
315 0.000000e+00
316 0.000000e+00
317 0.000000e+00
318 0.000000e+00
319 0.000000e+00
320 9.663354e-07
321 7.451910e-07
322 5.630138e-07
323 4.053337e-07
324 2.629278e-07
325 1.666206e-07
326 1.045047e-07
327 6.690979e-08
328 4.451163e-08
329 3.083342e-08
330 2.184620e-08
331 1.539339e-08
332 0.000000e+00
333 0.000000e+00
334 0.000000e+00
335 0.000000e+00
336 0.000000e+00
337 0.000000e+00
338 0.000000e+00
339 0.000000e+00
340 5.124393e-07
341 4.534941e-07
342 3.547406e-07
343 2.665166e-07
344 2.036875e-07
345 1.321238e-07
346 8.409496e-08
347 5.152282e-08
348 3.199396e-08
349 2.045484e-08
350 1.366889e-08
351 9.483528e-09
352 6.676076e-09
353 4.630045e-09
354 0.000000e+00
355 0.000000e+00
356 0.000000e+00
357 0.000000e+00
358 0.000000e+00
359 0.000000e+00
360 5.764508e-05
361 4.410927e-05
362 3.353080e-05
363 2.428240e-05
364 1.549346e-05
365 9.884724e-06
366 6.165529e-06
367 3.945880e-06
368 2.627496e-06
369 1.824279e-06
370 1.296754e-06
371 9.167314e-07
372 0.000000e+00
373 0.000000e+00
374 0.000000e+00
375 0.000000e+00
376 0.000000e+00
377 0.000000e+00
378 0.000000e+00
379 0.000000e+00
380 2.862754e-05
381 2.550243e-05
382 1.997468e-05
383 1.495101e-05
384 1.154301e-05
385 7.459171e-06
386 4.787371e-06
387 2.911331e-06
388 1.804390e-06
389 1.151248e-06
390 7.678123e-07
391 5.325172e-07
392 3.751624e-07
393 2.607836e-07
394 0.000000e+00
395 0.000000e+00
396 0.000000e+00
397 0.000000e+00
398 0.000000e+00
399 0.000000e+00
400 1.635846e-05
401 1.629557e-05
402 1.431980e-05
403 1.106037e-05
404 8.278878e-06
405 6.406125e-06
406 3.964786e-06
407 2.591050e-06
408 1.547121e-06
409 9.375692e-07
410 5.859500e-07
411 3.835760e-07
412 2.615814e-07
413 1.820045e-07
414 1.256850e-07
415 0.000000e+00
416 0.000000e+00
417 0.000000e+00
418 0.000000e+00
419 0.000000e+00
420 1.065565e-05
421 1.126916e-05
422 1.075807e-05
423 8.956622e-06
424 6.712912e-06
425 5.129062e-06
426 3.769107e-06
427 2.232877e-06
428 1.397771e-06
429 8.411528e-07
430 5.075013e-07
431 3.156766e-07
432 2.053098e-07
433 1.388234e-07
434 9.554561e-08
435 0.000000e+00
436 0.000000e+00
437 0.000000e+00
438 0.000000e+00
439 0.000000e+00
440 7.628978e-06
441 8.365324e-06
442 8.417856e-06
443 7.481739e-06
444 5.812858e-06
445 4.333448e-06
446 3.378842e-06
447 2.099658e-06
448 1.371997e-06
449 8.007770e-07
450 4.710423e-07
451 2.808884e-07
452 1.748141e-07
453 1.137466e-07
454 7.659408e-08
455 5.219583e-08
456 0.000000e+00
457 0.000000e+00
458 0.000000e+00
459 0.000000e+00
460 1.302948e+04
461 5.459919e+03
462 2.018968e+03
463 5.243932e+02
464 5.085356e+01
465 2.170232e+04
466 8.294245e+03
467 2.703696e+03
468 5.799089e+02
469 4.128726e+01
470 2.463036e+04
471 8.581882e+03
472 2.478839e+03
473 4.507454e+02
474 2.703905e+01
475 1.579124e-08
476 1.081778e-08
477 7.199508e-09
478 4.632239e-09
479 2.896365e-09
480 2.068612e-08
481 1.400898e-08
482 9.123201e-09
483 5.769441e-09
484 3.539506e-09
485 2.733463e-08
486 1.812180e-08
487 1.155262e-08
488 7.159705e-09
489 4.312387e-09
490 3.701698e-08
491 2.380082e-08
492 1.487110e-08
493 8.999696e-09
494 5.308709e-09
495 5.138794e-08
496 3.212464e-08
497 1.941789e-08
498 1.146455e-08
499 6.619703e-09
500 2.556909e-08
501 1.754022e-08
502 1.170853e-08
503 7.549915e-09
504 4.730734e-09
505 3.347981e-08
506 2.274631e-08
507 1.485059e-08
508 9.414396e-09
509 5.787200e-09
510 4.426881e-08
511 2.946681e-08
512 1.882766e-08
513 1.169507e-08
514 7.057983e-09
515 6.008429e-08
516 3.874104e-08
517 2.426446e-08
518 1.471738e-08
519 8.696417e-09
520 8.353865e-08
521 5.233320e-08
522 3.170581e-08
523 1.875387e-08
524 1.084798e-08
525 1.836721e-08
526 1.262255e-08
527 8.617635e-09
528 5.792634e-09
529 3.744782e-09
530 2.388862e-08
531 1.622957e-08
532 1.108018e-08
533 7.282471e-09
534 4.630707e-09
535 3.097269e-08
536 2.109372e-08
537 1.421377e-08
538 9.125216e-09
539 5.691055e-09
540 4.095991e-08
541 2.803915e-08
542 1.827566e-08
543 1.150241e-08
544 7.014603e-09
545 5.468969e-08
546 3.634580e-08
547 2.292850e-08
548 1.399587e-08
549 8.334426e-09
