0 5.634725e-05
1 4.389009e-05
2 3.316482e-05
3 2.456290e-05
4 1.607297e-05
5 1.021303e-05
6 6.384596e-06
7 4.048834e-06
8 0.000000e+00
9 0.000000e+00
10 0.000000e+00
11 0.000000e+00
12 0.000000e+00
13 0.000000e+00
14 0.000000e+00
15 0.000000e+00
16 0.000000e+00
17 0.000000e+00
18 0.000000e+00
19 0.000000e+00
20 2.986736e-05
21 2.676125e-05
22 2.114393e-05
23 1.586542e-05
24 1.215518e-05
25 8.042637e-06
26 5.086632e-06
27 3.122620e-06
28 1.934020e-06
29 0.000000e+00
30 0.000000e+00
31 0.000000e+00
32 0.000000e+00
33 0.000000e+00
34 0.000000e+00
35 0.000000e+00
36 0.000000e+00
37 0.000000e+00
38 0.000000e+00
39 0.000000e+00
40 1.796044e-05
41 1.786680e-05
42 1.569918e-05
43 1.215947e-05
44 9.118318e-06
45 7.005928e-06
46 4.397101e-06
47 2.834903e-06
48 1.699001e-06
49 1.033402e-06
50 0.000000e+00
51 0.000000e+00
52 0.000000e+00
53 0.000000e+00
54 0.000000e+00
55 0.000000e+00
56 0.000000e+00
57 0.000000e+00
58 0.000000e+00
59 0.000000e+00
60 1.216937e-05
61 1.283853e-05
62 1.221907e-05
63 1.015434e-05
64 7.620862e-06
65 5.825730e-06
66 4.247253e-06
67 2.543202e-06
68 1.589959e-06
69 9.560243e-07
70 0.000000e+00
71 0.000000e+00
72 0.000000e+00
73 0.000000e+00
74 0.000000e+00
75 0.000000e+00
76 0.000000e+00
77 0.000000e+00
78 0.000000e+00
79 0.000000e+00
80 9.014863e-06
81 9.859884e-06
82 9.886909e-06
83 8.752650e-06
84 6.789856e-06
85 5.071881e-06
86 3.937151e-06
87 2.445688e-06
88 1.587441e-06
89 9.296074e-07
90 5.477507e-07
91 0.000000e+00
92 0.000000e+00
93 0.000000e+00
94 0.000000e+00
95 0.000000e+00
96 0.000000e+00
97 0.000000e+00
98 0.000000e+00
99 0.000000e+00
