0 6.423825e-05
1 5.093164e-05
2 3.834625e-05
3 2.922223e-05
4 1.961752e-05
5 1.236760e-05
6 7.726178e-06
7 4.852358e-06
8 0.000000e+00
9 0.000000e+00
10 0.000000e+00
11 0.000000e+00
12 0.000000e+00
13 0.000000e+00
14 0.000000e+00
15 0.000000e+00
16 0.000000e+00
17 0.000000e+00
18 0.000000e+00
19 0.000000e+00
20 3.494620e-05
21 3.240381e-05
22 2.626210e-05
23 1.962695e-05
24 1.513459e-05
25 1.053882e-05
26 6.511318e-06
27 4.024798e-06
28 2.481627e-06
29 0.000000e+00
30 0.000000e+00
31 0.000000e+00
32 0.000000e+00
33 0.000000e+00
34 0.000000e+00
35 0.000000e+00
36 0.000000e+00
37 0.000000e+00
38 0.000000e+00
39 0.000000e+00
40 2.197774e-05
41 2.238100e-05
42 2.025520e-05
43 1.599992e-05
44 1.190974e-05
45 9.264609e-06
46 6.060681e-06
47 3.865554e-06
48 2.297657e-06
49 1.396810e-06
50 0.000000e+00
51 0.000000e+00
52 0.000000e+00
53 0.000000e+00
54 0.000000e+00
55 0.000000e+00
56 0.000000e+00
57 0.000000e+00
58 0.000000e+00
59 0.000000e+00
60 1.558340e-05
61 1.670831e-05
62 1.627215e-05
63 1.386822e-05
64 1.049640e-05
65 7.936054e-06
66 6.025167e-06
67 3.553492e-06
68 2.298414e-06
69 1.368156e-06
70 0.000000e+00
71 0.000000e+00
72 0.000000e+00
73 0.000000e+00
74 0.000000e+00
75 0.000000e+00
76 0.000000e+00
77 0.000000e+00
78 0.000000e+00
79 0.000000e+00
80 1.201356e-05
81 1.330097e-05
82 1.357353e-05
83 1.229774e-05
84 9.702723e-06
85 7.210585e-06
86 5.627589e-06
87 3.649252e-06
88 2.331970e-06
89 1.354563e-06
90 8.044995e-07
91 0.000000e+00
92 0.000000e+00
93 0.000000e+00
94 0.000000e+00
95 0.000000e+00
96 0.000000e+00
97 0.000000e+00
98 0.000000e+00
99 0.000000e+00
