0 1.137789e-04
1 8.550543e-05
2 6.581923e-05
3 4.561669e-05
4 2.865065e-05
5 1.808715e-05
6 1.141952e-05
7 0.000000e+00
8 0.000000e+00
9 0.000000e+00
10 0.000000e+00
11 0.000000e+00
12 0.000000e+00
13 0.000000e+00
14 0.000000e+00
15 0.000000e+00
16 0.000000e+00
17 0.000000e+00
18 0.000000e+00
19 0.000000e+00
20 7.789256e-05
21 6.202441e-05
22 4.633361e-05
23 3.591179e-05
24 2.417146e-05
25 1.532977e-05
26 9.440083e-06
27 5.928728e-06
28 0.000000e+00
29 0.000000e+00
30 0.000000e+00
31 0.000000e+00
32 0.000000e+00
33 0.000000e+00
34 0.000000e+00
35 0.000000e+00
36 0.000000e+00
37 0.000000e+00
38 0.000000e+00
39 0.000000e+00
40 5.521037e-05
41 4.803879e-05
42 3.689929e-05
43 2.771170e-05
44 2.136457e-05
45 1.313861e-05
46 8.657960e-06
47 5.258603e-06
48 3.255564e-06
49 0.000000e+00
50 0.000000e+00
51 0.000000e+00
52 0.000000e+00
53 0.000000e+00
54 0.000000e+00
55 0.000000e+00
56 0.000000e+00
57 0.000000e+00
58 0.000000e+00
59 0.000000e+00
60 4.069847e-05
61 3.803303e-05
62 3.098437e-05
63 2.310434e-05
64 1.782387e-05
65 1.260497e-05
66 7.691252e-06
67 4.736569e-06
68 2.929144e-06
69 0.000000e+00
70 0.000000e+00
71 0.000000e+00
72 0.000000e+00
73 0.000000e+00
74 0.000000e+00
75 0.000000e+00
76 0.000000e+00
77 0.000000e+00
78 0.000000e+00
79 0.000000e+00
80 3.122909e-05
81 3.072368e-05
82 2.654792e-05
83 2.025624e-05
84 1.522964e-05
85 1.172037e-05
86 7.034411e-06
87 4.638989e-06
88 2.789720e-06
89 1.685684e-06
90 0.000000e+00
91 0.000000e+00
92 0.000000e+00
93 0.000000e+00
94 0.000000e+00
95 0.000000e+00
96 0.000000e+00
97 0.000000e+00
98 0.000000e+00
99 0.000000e+00
100 2.483570e-05
101 2.536006e-05
102 2.302459e-05
103 1.821397e-05
104 1.353653e-05
105 1.055265e-05
106 6.927245e-06
107 4.423527e-06
108 2.615364e-06
109 1.594738e-06
110 0.000000e+00
111 0.000000e+00
112 0.000000e+00
113 0.000000e+00
114 0.000000e+00
115 0.000000e+00
116 0.000000e+00
117 0.000000e+00
118 0.000000e+00
119 0.000000e+00
120 2.036165e-05
121 2.137803e-05
122 2.019123e-05
123 1.660163e-05
124 1.238522e-05
125 9.519443e-06
126 6.855042e-06
127 4.092114e-06
128 2.508466e-06
129 1.518917e-06
130 0.000000e+00
131 0.000000e+00
132 0.000000e+00
133 0.000000e+00
134 0.000000e+00
135 0.000000e+00
136 0.000000e+00
137 0.000000e+00
138 0.000000e+00
139 0.000000e+00
140 1.712342e-05
141 1.836920e-05
142 1.790136e-05
143 1.526161e-05
144 1.154442e-05
145 8.724893e-06
146 6.641261e-06
147 3.897293e-06
148 2.529406e-06
149 1.506063e-06
150 8.882745e-07
151 0.000000e+00
152 0.000000e+00
153 0.000000e+00
154 0.000000e+00
155 0.000000e+00
156 0.000000e+00
157 0.000000e+00
158 0.000000e+00
159 0.000000e+00
160 1.470687e-05
161 1.604993e-05
162 1.603852e-05
163 1.411934e-05
164 1.088845e-05
165 8.133469e-06
166 6.333667e-06
167 3.854094e-06
168 2.542273e-06
169 1.489877e-06
170 8.712251e-07
171 0.000000e+00
172 0.000000e+00
173 0.000000e+00
174 0.000000e+00
175 0.000000e+00
176 0.000000e+00
177 0.000000e+00
178 0.000000e+00
179 0.000000e+00
180 1.286022e-05
181 1.423282e-05
182 1.451592e-05
183 1.313849e-05
184 1.035305e-05
185 7.691499e-06
186 6.008444e-06
187 3.881769e-06
188 2.490109e-06
189 1.443839e-06
190 8.581039e-07
191 0.000000e+00
192 0.000000e+00
193 0.000000e+00
194 0.000000e+00
195 0.000000e+00
196 0.000000e+00
197 0.000000e+00
198 0.000000e+00
199 0.000000e+00
