0 7.788838e-05
1 6.018278e-05
2 4.554538e-05
3 3.387344e-05
4 2.181932e-05
5 1.394320e-05
6 8.655134e-06
7 5.498155e-06
8 0.000000e+00
9 0.000000e+00
10 0.000000e+00
11 0.000000e+00
12 0.000000e+00
13 0.000000e+00
14 0.000000e+00
15 0.000000e+00
16 0.000000e+00
17 0.000000e+00
18 0.000000e+00
19 0.000000e+00
20 4.185755e-05
21 3.765292e-05
22 2.971283e-05
23 2.220657e-05
24 1.717288e-05
25 1.128674e-05
26 7.187565e-06
27 4.373752e-06
28 2.709018e-06
29 0.000000e+00
30 0.000000e+00
31 0.000000e+00
32 0.000000e+00
33 0.000000e+00
34 0.000000e+00
35 0.000000e+00
36 0.000000e+00
37 0.000000e+00
38 0.000000e+00
39 0.000000e+00
40 2.578935e-05
41 2.579096e-05
42 2.277985e-05
43 1.765610e-05
44 1.319711e-05
45 1.023414e-05
46 6.384156e-06
47 4.165630e-06
48 2.482263e-06
49 1.504480e-06
50 0.000000e+00
51 0.000000e+00
52 0.000000e+00
53 0.000000e+00
54 0.000000e+00
55 0.000000e+00
56 0.000000e+00
57 0.000000e+00
58 0.000000e+00
59 0.000000e+00
60 1.795357e-05
61 1.902349e-05
62 1.821109e-05
63 1.520862e-05
64 1.141008e-05
65 8.705399e-06
66 6.431973e-06
67 3.800373e-06
68 2.390817e-06
69 1.436753e-06
70 0.000000e+00
71 0.000000e+00
72 0.000000e+00
73 0.000000e+00
74 0.000000e+00
75 0.000000e+00
76 0.000000e+00
77 0.000000e+00
78 0.000000e+00
79 0.000000e+00
80 1.364056e-05
81 1.497367e-05
82 1.509203e-05
83 1.344273e-05
84 1.046038e-05
85 7.793702e-06
86 6.080895e-06
87 3.794121e-06
88 2.476602e-06
89 1.443931e-06
90 8.502248e-07
91 0.000000e+00
92 0.000000e+00
93 0.000000e+00
94 0.000000e+00
95 0.000000e+00
96 0.000000e+00
97 0.000000e+00
98 0.000000e+00
99 0.000000e+00
