0 3.946396e-09
1 2.755755e-09
2 1.856374e-09
3 1.217820e-09
4 7.999993e-10
5 5.339094e-10
6 3.633980e-10
7 2.508077e-10
8 1.729083e-10
9 1.169652e-10
10 7.642499e-11
11 4.770643e-11
12 2.827341e-11
13 1.590531e-11
14 8.535268e-12
15 0.000000e+00
16 0.000000e+00
17 0.000000e+00
18 0.000000e+00
19 0.000000e+00
20 6.657467e-09
21 4.754079e-09
22 3.272386e-09
23 2.168231e-09
24 1.410542e-09
25 9.274897e-10
26 6.205734e-10
27 4.239461e-10
28 2.926496e-10
29 2.007191e-10
30 1.343315e-10
31 8.643751e-11
32 5.298195e-11
33 3.079815e-11
34 1.700506e-11
35 0.000000e+00
36 0.000000e+00
37 0.000000e+00
38 0.000000e+00
39 0.000000e+00
40 7.629330e-09
41 5.480385e-09
42 3.795694e-09
43 2.526101e-09
44 1.641472e-09
45 1.075529e-09
46 7.161590e-10
47 4.874233e-10
48 3.361033e-10
49 2.310069e-10
50 1.554066e-10
51 1.007496e-10
52 6.227858e-11
53 3.651876e-11
54 2.032355e-11
55 0.000000e+00
56 0.000000e+00
57 0.000000e+00
58 0.000000e+00
59 0.000000e+00
60 8.217718e-09
61 5.918877e-09
62 4.111690e-09
63 2.742586e-09
64 1.780944e-09
65 1.164910e-09
66 7.740584e-10
67 5.258659e-10
68 3.624263e-10
69 2.493709e-10
70 1.681746e-10
71 1.094211e-10
72 6.790913e-11
73 3.998241e-11
74 2.233231e-11
75 0.000000e+00
76 0.000000e+00
77 0.000000e+00
78 0.000000e+00
79 0.000000e+00
80 8.721714e-09
81 6.294963e-09
82 4.382737e-09
83 2.927758e-09
84 1.900441e-09
85 1.241326e-09
86 8.232599e-10
87 5.585193e-10
88 3.848579e-10
89 2.649518e-10
90 1.790321e-10
91 1.167849e-10
92 7.272344e-11
93 4.294232e-11
94 2.405258e-11
95 0.000000e+00
96 0.000000e+00
97 0.000000e+00
98 0.000000e+00
99 0.000000e+00
100 1.443693e-08
101 1.071484e-08
102 7.645726e-09
103 5.252268e-09
104 3.448334e-09
105 2.225546e-09
106 1.451638e-09
107 9.639916e-10
108 6.547287e-10
109 4.502932e-10
110 3.081892e-10
111 2.060832e-10
112 1.326157e-10
113 8.130701e-11
114 4.727669e-11
115 0.000000e+00
116 0.000000e+00
117 0.000000e+00
118 0.000000e+00
119 0.000000e+00
120 1.854222e-08
121 1.399806e-08
122 1.011501e-08
123 7.046848e-09
124 4.689474e-09
125 3.019939e-09
126 1.956521e-09
127 1.284107e-09
128 8.631018e-10
129 5.904362e-10
130 4.049148e-10
131 2.732333e-10
132 1.784258e-10
133 1.114086e-10
134 6.607518e-11
135 0.000000e+00
136 0.000000e+00
137 0.000000e+00
138 0.000000e+00
139 0.000000e+00
140 2.108607e-08
141 1.604322e-08
142 1.165417e-08
143 8.168595e-09
144 5.467793e-09
145 3.519968e-09
146 2.273747e-09
147 1.485250e-09
148 9.937670e-10
149 6.780912e-10
150 4.652931e-10
151 3.151107e-10
152 2.070169e-10
153 1.302365e-10
154 7.786732e-11
155 0.000000e+00
156 0.000000e+00
157 0.000000e+00
158 0.000000e+00
159 0.000000e+00
160 2.325329e-08
161 1.778747e-08
162 1.296651e-08
163 9.124447e-09
164 6.131272e-09
165 3.946206e-09
166 2.543972e-09
167 1.656561e-09
168 1.105050e-09
169 7.527446e-10
170 5.167383e-10
171 3.508143e-10
172 2.313912e-10
173 1.462844e-10
174 8.791627e-11
175 0.000000e+00
176 0.000000e+00
177 0.000000e+00
178 0.000000e+00
179 0.000000e+00
180 2.641822e-08
181 2.064634e-08
182 1.528101e-08
183 1.087259e-08
184 7.441224e-09
185 4.853311e-09
186 3.110328e-09
187 2.011777e-09
188 1.323884e-09
189 8.908128e-10
190 6.074045e-10
191 4.127129e-10
192 2.744945e-10
193 1.760966e-10
194 1.078967e-10
195 0.000000e+00
196 0.000000e+00
197 0.000000e+00
198 0.000000e+00
199 0.000000e+00
200 3.201333e-08
201 2.549526e-08
202 1.913418e-08
203 1.375819e-08
204 9.531298e-09
205 6.286926e-09
206 4.016251e-09
207 2.583987e-09
208 1.682108e-09
209 1.121000e-09
210 7.601989e-10
211 5.168214e-10
212 3.460042e-10
213 2.245110e-10
214 1.395901e-10
215 0.000000e+00
216 0.000000e+00
217 0.000000e+00
218 0.000000e+00
219 0.000000e+00
220 3.681170e-08
221 2.965829e-08
222 2.244601e-08
223 1.623397e-08
224 1.132897e-08
225 7.520929e-09
226 4.797023e-09
227 3.076825e-09
228 1.990519e-09
229 1.319072e-09
230 8.916281e-10
231 6.063500e-10
232 4.074812e-10
233 2.661361e-10
234 1.668502e-10
235 0.000000e+00
236 0.000000e+00
237 0.000000e+00
238 0.000000e+00
239 0.000000e+00
240 4.150176e-08
241 3.416564e-08
242 2.637383e-08
243 1.932805e-08
244 1.363559e-08
245 9.218210e-09
246 5.935767e-09
247 3.783587e-09
248 2.427765e-09
249 1.587698e-09
250 1.060063e-09
251 7.159155e-10
252 4.811317e-10
253 3.164110e-10
254 2.009098e-10
255 0.000000e+00
256 0.000000e+00
257 0.000000e+00
258 0.000000e+00
259 0.000000e+00
260 5.035510e-08
261 4.238673e-08
262 3.336014e-08
263 2.479157e-08
264 1.768748e-08
265 1.213247e-08
266 7.890249e-09
267 5.003194e-09
268 3.189702e-09
269 2.059887e-09
270 1.359859e-09
271 9.123261e-10
272 6.131021e-10
273 4.057659e-10
274 2.606315e-10
275 0.000000e+00
276 0.000000e+00
277 0.000000e+00
278 0.000000e+00
279 0.000000e+00
280 6.581835e-08
281 5.757890e-08
282 4.711680e-08
283 3.615832e-08
284 2.637969e-08
285 1.851812e-08
286 1.241209e-08
287 7.918040e-09
288 5.000878e-09
289 3.166318e-09
290 2.038966e-09
291 1.338438e-09
292 8.886888e-10
293 5.881964e-10
294 3.822150e-10
295 0.000000e+00
296 0.000000e+00
297 0.000000e+00
298 0.000000e+00
299 0.000000e+00
