0 3.373596e-09
1 2.342306e-09
2 1.571637e-09
3 1.033307e-09
4 6.815499e-10
5 4.568530e-10
6 3.119596e-10
7 2.153508e-10
8 1.479867e-10
9 9.951160e-11
10 6.451753e-11
11 3.993417e-11
12 2.348605e-11
13 1.313227e-11
14 7.015317e-12
15 0.000000e+00
16 0.000000e+00
17 0.000000e+00
18 0.000000e+00
19 0.000000e+00
20 5.265968e-09
21 3.727793e-09
22 2.542952e-09
23 1.679934e-09
24 1.098591e-09
25 7.265681e-10
26 4.896208e-10
27 3.357158e-10
28 2.314865e-10
29 1.577580e-10
30 1.045374e-10
31 6.644374e-11
32 4.020353e-11
33 2.309917e-11
34 1.263500e-11
35 0.000000e+00
36 0.000000e+00
37 0.000000e+00
38 0.000000e+00
39 0.000000e+00
40 6.316219e-09
41 4.513702e-09
42 3.107963e-09
43 2.065942e-09
44 1.349731e-09
45 8.877374e-10
46 5.939531e-10
47 4.050467e-10
48 2.788392e-10
49 1.907218e-10
50 1.273516e-10
51 8.190731e-11
52 5.022398e-11
53 2.926552e-11
54 1.622075e-11
55 0.000000e+00
56 0.000000e+00
57 0.000000e+00
58 0.000000e+00
59 0.000000e+00
60 7.050550e-09
61 5.067321e-09
62 3.507750e-09
63 2.343107e-09
64 1.531221e-09
65 1.004112e-09
66 6.691994e-10
67 4.546434e-10
68 3.125045e-10
69 2.139660e-10
70 1.434891e-10
71 9.286383e-11
72 5.737806e-11
73 3.371154e-11
74 1.883537e-11
75 0.000000e+00
76 0.000000e+00
77 0.000000e+00
78 0.000000e+00
79 0.000000e+00
80 7.738934e-09
81 5.587438e-09
82 3.884696e-09
83 2.602666e-09
84 1.702044e-09
85 1.113675e-09
86 7.398941e-10
87 5.012994e-10
88 3.441229e-10
89 2.357665e-10
90 1.586500e-10
91 1.031299e-10
92 6.410254e-11
93 3.789840e-11
94 2.130177e-11
95 0.000000e+00
96 0.000000e+00
97 0.000000e+00
98 0.000000e+00
99 0.000000e+00
100 9.272180e-09
101 6.727452e-09
102 4.701682e-09
103 3.156557e-09
104 2.056148e-09
105 1.340466e-09
106 8.868461e-10
107 5.993703e-10
108 4.118122e-10
109 2.833518e-10
110 1.917642e-10
111 1.255575e-10
112 7.859409e-11
113 4.673271e-11
114 2.637324e-11
115 0.000000e+00
116 0.000000e+00
117 0.000000e+00
118 0.000000e+00
119 0.000000e+00
120 1.200868e-08
121 8.837993e-09
122 6.258456e-09
123 4.259796e-09
124 2.789972e-09
125 1.808659e-09
126 1.185878e-09
127 7.928215e-10
128 5.408069e-10
129 3.719819e-10
130 2.534581e-10
131 1.681108e-10
132 1.070557e-10
133 6.489966e-11
134 3.733998e-11
135 0.000000e+00
136 0.000000e+00
137 0.000000e+00
138 0.000000e+00
139 0.000000e+00
140 1.410974e-08
141 1.049199e-08
142 7.489387e-09
143 5.143798e-09
144 3.389434e-09
145 2.192842e-09
146 1.430542e-09
147 9.497536e-10
148 6.443116e-10
149 4.421679e-10
150 3.020291e-10
151 2.016711e-10
152 1.296965e-10
153 7.955432e-11
154 4.634101e-11
155 0.000000e+00
156 0.000000e+00
157 0.000000e+00
158 0.000000e+00
159 0.000000e+00
160 1.612158e-08
161 1.208159e-08
162 8.677487e-09
163 5.998032e-09
164 3.972282e-09
165 2.568389e-09
166 1.669508e-09
167 1.102825e-09
168 7.446374e-10
169 5.101320e-10
170 3.489521e-10
171 2.340611e-10
172 1.515765e-10
173 9.375919e-11
174 5.510534e-11
175 0.000000e+00
176 0.000000e+00
177 0.000000e+00
178 0.000000e+00
179 0.000000e+00
180 1.658622e-08
181 1.246570e-08
182 8.976907e-09
183 6.225107e-09
184 4.132181e-09
185 2.668259e-09
186 1.732213e-09
187 1.141230e-09
188 7.689581e-10
189 5.262886e-10
190 3.602336e-10
191 2.421474e-10
192 1.573223e-10
193 9.769154e-11
194 5.764136e-11
195 0.000000e+00
196 0.000000e+00
197 0.000000e+00
198 0.000000e+00
199 0.000000e+00
200 2.055409e-08
201 1.571028e-08
202 1.144901e-08
203 8.038519e-09
204 5.406220e-09
205 3.499067e-09
206 2.257990e-09
207 1.474030e-09
208 9.830325e-10
209 6.683488e-10
210 4.572398e-10
211 3.092390e-10
212 2.032509e-10
213 1.281724e-10
214 7.695677e-11
215 0.000000e+00
216 0.000000e+00
217 0.000000e+00
218 0.000000e+00
219 0.000000e+00
220 2.455536e-08
221 1.902770e-08
222 1.400427e-08
223 9.920379e-09
224 6.739908e-09
225 4.381911e-09
226 2.816596e-09
227 1.827480e-09
228 1.208736e-09
229 8.167777e-10
230 5.578851e-10
231 3.785352e-10
232 2.507021e-10
233 1.598139e-10
234 9.717650e-11
235 0.000000e+00
236 0.000000e+00
237 0.000000e+00
238 0.000000e+00
239 0.000000e+00
240 2.695382e-08
241 2.114059e-08
242 1.569563e-08
243 1.119415e-08
244 7.676444e-09
245 5.023681e-09
246 3.220773e-09
247 2.081324e-09
248 1.366678e-09
249 9.175597e-10
250 6.244875e-10
251 4.240427e-10
252 2.821901e-10
253 1.813461e-10
254 1.114165e-10
255 0.000000e+00
256 0.000000e+00
257 0.000000e+00
258 0.000000e+00
259 0.000000e+00
260 3.412889e-08
261 2.741785e-08
262 2.073383e-08
263 1.498584e-08
264 1.043451e-08
265 6.930245e-09
266 4.438858e-09
267 2.848104e-09
268 1.846581e-09
269 1.224173e-09
270 8.266203e-10
271 5.609349e-10
272 3.758979e-10
273 2.447870e-10
274 1.530775e-10
275 0.000000e+00
276 0.000000e+00
277 0.000000e+00
278 0.000000e+00
279 0.000000e+00
280 4.735037e-08
281 3.968651e-08
282 3.116012e-08
283 2.313631e-08
284 1.648997e-08
285 1.128519e-08
286 7.350719e-09
287 4.675160e-09
288 2.984266e-09
289 1.930412e-09
290 1.275077e-09
291 8.547112e-10
292 5.732172e-10
293 3.783173e-10
294 2.422624e-10
295 0.000000e+00
296 0.000000e+00
297 0.000000e+00
298 0.000000e+00
299 0.000000e+00
