0 2.532329e-09
1 1.731017e-09
2 1.146132e-09
3 7.523918e-10
4 5.005022e-10
5 3.393301e-10
6 2.341116e-10
7 1.622814e-10
8 1.110440e-10
9 7.373932e-11
10 4.690714e-11
11 2.835656e-11
12 1.625650e-11
13 8.867514e-12
14 4.636003e-12
15 0.000000e+00
16 0.000000e+00
17 0.000000e+00
18 0.000000e+00
19 0.000000e+00
20 4.268468e-09
21 2.982698e-09
22 2.006374e-09
23 1.312456e-09
24 8.614034e-10
25 5.743738e-10
26 3.911985e-10
27 2.704977e-10
28 1.867487e-10
29 1.266131e-10
30 8.287410e-11
31 5.176437e-11
32 3.066932e-11
33 1.723339e-11
34 9.239237e-12
35 0.000000e+00
36 0.000000e+00
37 0.000000e+00
38 0.000000e+00
39 0.000000e+00
40 4.935263e-09
41 3.469988e-09
42 2.347953e-09
43 1.537913e-09
44 1.005832e-09
45 6.678032e-10
46 4.527800e-10
47 3.123132e-10
48 2.160442e-10
49 1.471408e-10
50 9.700181e-11
51 6.111971e-11
52 3.655370e-11
53 2.072251e-11
54 1.118345e-11
55 0.000000e+00
56 0.000000e+00
57 0.000000e+00
58 0.000000e+00
59 0.000000e+00
60 5.354854e-09
61 3.776370e-09
62 2.562880e-09
63 1.679716e-09
64 1.096763e-09
65 7.266285e-10
66 4.915342e-10
67 3.386652e-10
68 2.344146e-10
69 1.600090e-10
70 1.058593e-10
71 6.698962e-11
72 4.024042e-11
73 2.290737e-11
74 1.240480e-11
75 0.000000e+00
76 0.000000e+00
77 0.000000e+00
78 0.000000e+00
79 0.000000e+00
80 5.769034e-09
81 4.077748e-09
82 2.774122e-09
83 1.818807e-09
84 1.185976e-09
85 7.844591e-10
86 5.297488e-10
87 3.646610e-10
88 2.525328e-10
89 1.726806e-10
90 1.145470e-10
91 7.272873e-11
92 4.383824e-11
93 2.503413e-11
94 1.359267e-11
95 0.000000e+00
96 0.000000e+00
97 0.000000e+00
98 0.000000e+00
99 0.000000e+00
100 9.165636e-09
101 6.624168e-09
102 4.617745e-09
103 3.081910e-09
104 1.997677e-09
105 1.304134e-09
106 8.641574e-10
107 5.862215e-10
108 4.042036e-10
109 2.787765e-10
110 1.887065e-10
111 1.233017e-10
112 7.685175e-11
113 4.541311e-11
114 2.543757e-11
115 0.000000e+00
116 0.000000e+00
117 0.000000e+00
118 0.000000e+00
119 0.000000e+00
120 1.192457e-08
121 8.734201e-09
122 6.168590e-09
123 4.180653e-09
124 2.718556e-09
125 1.762649e-09
126 1.156838e-09
127 7.760953e-10
128 5.316422e-10
129 3.667792e-10
130 2.502117e-10
131 1.657734e-10
132 1.052040e-10
133 6.342137e-11
134 3.622695e-11
135 0.000000e+00
136 0.000000e+00
137 0.000000e+00
138 0.000000e+00
139 0.000000e+00
140 1.371625e-08
141 1.011168e-08
142 7.181951e-09
143 4.899188e-09
144 3.194292e-09
145 2.064631e-09
146 1.349808e-09
147 9.011874e-10
148 6.151511e-10
149 4.243220e-10
150 2.903653e-10
151 1.935183e-10
152 1.237643e-10
153 7.525153e-11
154 4.334636e-11
155 0.000000e+00
156 0.000000e+00
157 0.000000e+00
158 0.000000e+00
159 0.000000e+00
160 1.542842e-08
161 1.142669e-08
162 8.147451e-09
163 5.583347e-09
164 3.646326e-09
165 2.351910e-09
166 1.533530e-09
167 1.020269e-09
168 6.948310e-10
169 4.792169e-10
170 3.286626e-10
171 2.199288e-10
172 1.413978e-10
173 8.646817e-11
174 5.008380e-11
175 0.000000e+00
176 0.000000e+00
177 0.000000e+00
178 0.000000e+00
179 0.000000e+00
180 1.731249e-08
181 1.302091e-08
182 9.380477e-09
183 6.518278e-09
184 4.325822e-09
185 2.785079e-09
186 1.807536e-09
187 1.189041e-09
188 8.009807e-10
189 5.486011e-10
190 3.760925e-10
191 2.533178e-10
192 1.649259e-10
193 1.025951e-10
194 6.060117e-11
195 0.000000e+00
196 0.000000e+00
197 0.000000e+00
198 0.000000e+00
199 0.000000e+00
200 2.138070e-08
201 1.634026e-08
202 1.190332e-08
203 8.365104e-09
204 5.626437e-09
205 3.628155e-09
206 2.340949e-09
207 1.525784e-09
208 1.017880e-09
209 6.927328e-10
210 4.747486e-10
211 3.216922e-10
212 2.118079e-10
213 1.337347e-10
214 8.032824e-11
215 0.000000e+00
216 0.000000e+00
217 0.000000e+00
218 0.000000e+00
219 0.000000e+00
220 2.525082e-08
221 1.950357e-08
222 1.430615e-08
223 1.012393e-08
224 6.864142e-09
225 4.432299e-09
226 2.849214e-09
227 1.847375e-09
228 1.224893e-09
229 8.302384e-10
230 5.688256e-10
231 3.868260e-10
232 2.564223e-10
233 1.633448e-10
234 9.908034e-11
235 0.000000e+00
236 0.000000e+00
237 0.000000e+00
238 0.000000e+00
239 0.000000e+00
240 2.853078e-08
241 2.248434e-08
242 1.674646e-08
243 1.196860e-08
244 8.238180e-09
245 5.401030e-09
246 3.455676e-09
247 2.230009e-09
248 1.460272e-09
249 9.782954e-10
250 6.653990e-10
251 4.522426e-10
252 3.016807e-10
253 1.945391e-10
254 1.199970e-10
255 0.000000e+00
256 0.000000e+00
257 0.000000e+00
258 0.000000e+00
259 0.000000e+00
260 3.599050e-08
261 2.901014e-08
262 2.197638e-08
263 1.590011e-08
264 1.109613e-08
265 7.379520e-09
266 4.713977e-09
267 3.023519e-09
268 1.955818e-09
269 1.295107e-09
270 8.743795e-10
271 5.939094e-10
272 3.987554e-10
273 2.603123e-10
274 1.632147e-10
275 0.000000e+00
276 0.000000e+00
277 0.000000e+00
278 0.000000e+00
279 0.000000e+00
280 5.025243e-08
281 4.235232e-08
282 3.340736e-08
283 2.488827e-08
284 1.778066e-08
285 1.221101e-08
286 7.971242e-09
287 5.063178e-09
288 3.227162e-09
289 2.081619e-09
290 1.371304e-09
291 9.177758e-10
292 6.155313e-10
293 4.068546e-10
294 2.612443e-10
295 0.000000e+00
296 0.000000e+00
297 0.000000e+00
298 0.000000e+00
299 0.000000e+00
